30
39
711
925
633
456
6
149
486
751
372
31
724
262
609
756
375
336
736
666
150
611
701
897
910
953
781
856
346
418
826
894
924
165
471
185
515
316
576
429
244
255
335
126
225
0
959
111
192
708
327
919
304
213
640
250
941
789
507
413
107
184
86
587
664
465
816
529
492
985
463
275
541
322
585
783
495
870
660
494
537
866
235
714
485
409
775
841
890
661
503
427
256
669
50
519
887
687
636
188
520
806
29
102
932
631
163
767
144
560
353
876
33
488
7
811
779
338
132
681
258
536
299
713
264
655
986
922
53
439
704
419
37
47
787
422
774
956
403
161
512
363
836
569
219
358
59
700
425
206
839
472
882
501
958
831
825
606
342
518
143
532
67
727
835
179
703
712
443
173
584
268
612
239
384
653
602
665
553
352
907
211
698
479
683
886
993
581
75
853
878
42
544
348
140
234
125
917
855
673
209
913
224
237
343
972
709
395
323
252
573
175
796
230
786
693
604
287
396
79
38
643
464
534
415
400
20
334
943
424
324
354
453
35
24
366
678
455
5
220
903
247
301
538
955
531
367
469
869
302
914
199
863
9
68
550
205
482
574
502
686
854
523
738
223
625
238
32
303
83
656
931
798
948
706
598
73
875
