976
243
846
942
101
844
319
613
368
546
558
923
752
848
670
84
172
530
809
312
513
306
97
543
152
333
556
159
627
476
965
772
337
723
776
504
992
762
616
654
478
499
526
834
797
54
148
800
311
521
896
62
3
808
671
780
817
982
927
743
805
138
979
87
888
744
577
871
921
180
915
178
582
674
911
974
128
937
905
830
447
460
637
119
157
658
388
766
162
983
634
987
416
957
734
253
647
768
475
934
12
916
720
167
591
105
891
442
596
193
782
807
154
328
832
325
276
25
457
707
663
837
990
840
226
271
231
406
511
857
659
732
849
912
8
474
273
852
747
481
823
260
330
994
153
947
552
40
350
399
794
248
183
672
804
170
929
466
522
417
769
892
540
508
257
679
141
320
667
467
939
314
459
344
842
877
737
691
960
431
966
549
676
791
685
506
880
728
795
470
339
