527
357
726
632
535
971
4
790
421
355
78
204
822
745
351
908
650
963
514
26
259
829
446
103
444
639
899
618
622
575
865
98
967
232
281
705
36
362
702
561
45
760
480
279
70
378
785
677
393
109
940
331
64
628
938
740
382
490
997
61
207
838
996
909
593
108
570
954
617
773
93
918
147
376
387
763
58
688
881
623
17
991
127
936
646
920
117
300
297
410
893
380
851
741
814
15
309
489
241
600
533
487
819
694
873
52
557
21
755
379
509
56
11
115
321
764
539
719
169
329
757
761
784
194
202
722
34
962
151
477
657
383
270
187
559
578
710
629
524
493
827
788
599
292
802
651
280
547
902
975
80
216
696
850
434
861
155
935
468
284
930
862
946
692
895
742
754
843
296
567
638
984
49
