4.048608e-01
2.480187e-01
5.000908e-01
3.527079e+00
6.377365e-01
1.664570e+00
5.470715e-01
1.597292e-01
3.788629e-01
6.513847e-01
3.493664e-01
2.510113e-01
4.140941e-01
6.238135e-01
3.949061e-01
5.738835e-01
1.654355e+00
5.983655e-02
3.532632e-01
3.782824e-01
3.226170e-01
7.386809e-01
1.119727e-01
1.440438e+00
1.963061e-01
2.274563e+00
6.026894e-01
7.225221e-01
4.415325e-01
8.187547e-01
6.589879e-01
7.479012e-01
1.383206e-01
7.623301e-02
9.194301e-01
1.493274e+01
1.565966e-01
5.880947e-01
4.061559e-01
1.539451e-01
3.929107e-01
3.061605e-01
5.886922e-01
1.556850e+00
4.525622e+00
7.281473e-01
7.011101e-01
8.134077e-01
3.642522e-01
2.846569e-01
9.851252e-02
3.952975e-01
1.952467e-01
3.491739e-01
1.768176e-01
7.246494e-01
9.629456e-01
4.774850e-01
2.791845e-01
1.178655e-01
3.058091e-01
1.476295e-01
5.149596e-01
4.438883e+00
1.998544e-01
3.350466e-01
1.995033e-01
1.095614e-01
1.472359e-01
8.064267e-01
1.868781e-01
3.992695e-01
1.130555e-01
1.697091e+00
1.588791e-01
5.526509e-01
3.445227e+00
5.053019e-01
1.829055e+00
1.353581e-01
8.518143e-01
1.486989e+00
4.268489e-01
4.886629e-02
1.225061e+00
1.676433e-01
3.826534e-01
4.189713e-01
2.384640e-01
6.953421e-02
1.162630e-01
3.008687e-01
1.417169e-01
5.566463e-01
8.546882e-02
6.523895e-01
1.089886e-01
1.664392e-01
1.153928e+00
4.198111e-01
