2.938286e-02
1.074243e-01
6.685453e-02
7.754220e-02
5.628909e-02
7.256998e-02
7.307627e-02
2.306660e-03
1.032530e-01
9.310816e-02
1.062389e-01
6.793149e-02
1.009908e-01
1.126281e-01
1.646877e-02
6.829011e-02
9.115666e-02
1.219250e-01
5.880702e-02
1.008929e-01
5.805509e-02
6.530647e-02
8.487681e-02
1.846130e-01
6.711214e-03
1.102905e-01
3.640415e-01
7.094924e-02
5.385929e-02
5.743621e-01
9.022817e-02
3.382735e-02
1.346686e-03
2.036953e-02
1.997832e+00
2.979356e-02
3.231550e-02
3.489657e-02
1.293822e-01
1.029062e-01
1.563928e-01
6.500001e-02
2.571700e-02
1.131187e-01
4.959974e-02
8.706560e-02
4.530569e-02
1.608161e-01
3.144546e-01
5.438304e-02
6.820981e-02
2.499121e-02
9.260231e-02
5.621386e-02
8.153395e-02
1.127068e-02
1.124040e-01
1.167837e-01
3.594532e-02
8.610522e-02
8.179859e-02
6.950297e-02
8.071579e-02
1.100071e-01
3.066282e-03
9.218639e-02
1.163569e-01
5.812165e-02
1.677071e-01
3.636589e-02
9.264719e-02
2.225760e-02
3.016231e-02
1.166166e-01
1.084732e-01
5.738868e-02
1.204705e-01
7.078286e-02
5.365022e-02
1.207296e-01
1.792249e-01
6.856471e-03
1.704259e-01
2.462414e-02
4.003065e-02
1.371005e-01
9.688033e-02
8.944535e-02
6.106653e-02
3.878311e-02
6.048589e-03
1.006296e-01
6.741303e-02
2.955342e-02
9.464784e-02
1.700808e-01
1.130504e-01
6.716891e-02
1.040858e-01
5.397726e-02
