1,64,0.32605
1,132,0.28105
1,318,0.72978
1,395,0.34574
1,565,0.33796
1,1049,0.42309
1,1113,0.3016
1,1829,0.30765
1,1834,0.44693
1,2361,0.3457
1,2583,0.28948
1,2595,0.94036
1,2690,0.30907
1,2787,0.46846
1,2834,0.52346
1,2859,0.28334
1,2940,0.89151
1,2996,0.75863
1,3002,0.39216
1,3072,0.35826
1,3186,0.35954
1,3249,0.30181
1,3361,0.27075
1,3491,0.28517
1,3620,0.44328
1,3760,0.48902
1,3801,0.48168
1,3947,0.29323
1,4081,0.29107
1,4131,0.37253
1,4171,0.34819
1,4191,0.37098
1,4434,0.26561
1,4530,0.3198
1,4841,0.2672
1,4851,0.32965
1,4867,0.30694
1,5039,0.61595
1,5073,0.35544
1,5156,0.29641
1,5302,0.29351
1,5334,0.26038
1,5342,0.2922
1,5414,0.43622
1,5451,0.52287
1,5521,0.31977
1,5707,0.25977
1,6165,0.28574
1,6325,0.32348
1,6468,0.27113
1,6700,0.25279
1,6742,0.32939
1,6777,0.28764
1,6897,0.35955
1,7009,0.26048
1,7279,0.28159
1,7413,0.32909
1,7482,0.32611
1,7544,0.25108
1,7554,0.27688
1,7565,0.26041
1,7779,0.26071
1,7968,0.43812
1,7988,0.26865
1,8095,0.26941
1,8341,0.25543
1,8389,0.30492
1,8480,0.4635
1,8536,0.26397
1,8588,0.68706
1,8711,0.37105
1,8743,0.45862
1,8783,0.65
1,8893,0.4721
1,8993,0.9843
1,9264,0.44551
1,9539,0.35621
1,9853,0.29452
1,9977,0.99676
1,10124,0.99857
1,10238,0.80628
1,10266,0.99702
1,10501,0.27743
1,10717,0.60552
1,10769,0.26808
1,10840,0.28927
1,10861,0.34965
1,11177,0.31322
1,11232,0.26538
1,11288,0.32041
1,11396,0.54421
1,11476,0.32995
1,11591,0.2849
1,11678,0.29145
1,11725,0.76093
1,11819,0.27542
1,11972,0.28152
1,12057,0.32573
1,12589,0.47073
1,12801,0.28617
1,12923,0.70189
1,13286,0.66611
1,13387,0.53647
1,13389,0.40575
1,13493,0.3515
1,13646,0.27078
1,13843,0.32512
1,13858,0.26112
1,14058,0.44012
1,14122,0.27378
1,14477,0.28835
1,14558,0.28976
1,14852,0.25815
1,14992,0.28668
1,15196,0.41371
1,15268,0.25295
1,15310,0.28608
1,16070,0.44387
1,16136,0.62459
1,16189,0.31899
1,16641,0.27643
1,16702,0.51111
1,16821,0.28406
1,17170,0.25607
1,17213,0.2867
1,17220,0.26911
1,17223,0.37357
1,17276,0.27044
1,17361,0.28336
1,17444,0.35142
1,17453,0.29345
1,17460,0.29248
1,17497,0.31919
1,17517,0.35525
1,17662,0.5274
1,17866,0.37509
1,18060,0.37172
1,18181,0.26646
1,18198,0.29195
1,18205,0.28567
1,18248,0.98012
1,18312,0.262
1,18316,0.35062
1,18374,0.49635
1,18423,0.45652
1,18825,0.25637
1,18840,0.30499
1,18870,0.30991
1,19161,0.29048
1,19231,0.74929
1,19235,0.25111
1,19285,0.30936
1,19450,0.26004
1,19524,1
1,19580,0.27434
1,19738,0.29215
1,19763,0.33101
1,19823,0.99999
1,19824,0.25438
1,19866,0.26478
1,19907,0.48592
1,19962,1
1,20061,0.27093
1,20103,0.72083
1,20257,0.44707
1,20370,0.27745
1,20654,0.30454
1,20677,0.30943
1,20745,0.33319
1,20796,0.28588
1,20820,0.25312
1,21027,0.29362
1,21186,0.34368
1,21571,0.25473
1,21725,0.35671
1,21803,0.33597
1,21830,0.26752
1,21959,0.26517
1,22113,0.26161
1,22165,0.34461
1,22373,0.31476
1,22444,0.29221
1,22481,0.26313
1,22542,0.33902
1,22646,0.53617
1,22754,0.35345
1,22781,0.39284
1,23074,0.35274
1,23187,0.40532
1,23221,0.35411
1,23232,0.28599
1,23239,0.25562
1,23261,0.27899
1,23323,0.3551
1,23361,0.29461
1,23377,0.52933
1,23390,0.31569
1,23487,0.33924
1,23496,0.54917
1,23615,0.29975
1,23662,0.39005
1,23717,0.41302
1,23759,0.99976
1,23882,0.39601
1,24005,0.25514
1,24255,0.35023
1,24258,0.34146
1,24262,0.48048
1,24351,0.60492
1,24356,0.28987
1,24364,0.43644
1,24723,0.33964
1,24756,0.33264
1,24839,0.29437
1,24949,0.28598
1,25034,0.41582
1,25053,0.25524
1,25245,0.44412
1,25305,0.2665
1,25514,0.27954
1,25533,0.49786
1,25679,0.25338
1,25758,0.30163
1,25840,0.40582
1,25893,0.53391
1,25969,0.74394
1,26074,0.2823
1,26085,0.52722
1,26091,0.28278
1,26096,0.27948
1,26113,0.26831
1,26116,0.2826
1,26131,0.35908
1,26216,0.287
1,26221,0.4095
1,26291,0.31165
1,26354,0.38814
1,26416,0.45511
1,26523,0.25353
1,26571,0.55539
1,26617,0.3568
1,26664,0.7452
1,26944,0.29089
1,27048,0.34996
1,27141,0.27316
1,27231,0.39807
1,27247,0.36271
1,27407,0.26578
1,27434,0.34878
1,27529,0.46686
1,27558,0.48776
1,27562,0.78406
1,27594,0.42066
1,27624,0.33715
1,27634,0.3299
1,27690,0.26764
1,27707,0.36507
1,27838,0.29368
1,27856,0.32817
1,28002,0.29015
1,28032,0.29799
1,28269,0.42495
1,28307,0.94364
1,28318,0.3216
1,28374,0.2938
1,28431,0.38537
1,28522,0.32591
1,28578,0.27505
1,28602,0.36541
1,28678,0.4549
1,28790,0.45442
1,28831,0.27009
1,28853,0.28797
1,28872,0.28402
1,28988,0.50581
1,29176,0.42174
1,29294,0.28579
1,29341,0.43382
1,29577,0.34256
1,29615,0.30673
1,29664,0.35302
1,29708,0.27879
1,29720,0.29335
1,29737,0.32756
1,29794,0.5004
1,29906,0.26812
1,29920,0.28487
1,30188,0.27419
1,30220,0.68151
1,30530,0.25558
1,30783,0.3486
1,30996,0.40086
1,31014,0.36269
1,31067,0.71834
1,31200,0.47814
1,31231,0.25147
1,31232,0.34998
1,31471,0.27937
1,31500,0.28774
1,31791,0.41882
1,31860,0.283
1,31863,0.26157
1,31952,0.32677
1,31975,0.44945
1,32106,0.41493
1,32139,0.29548
1,32145,0.27674
1,32183,0.25767
1,32369,0.35189
1,32770,0.65051
1,32835,0.33789
1,32896,0.25904
1,33032,0.95061
1,33099,0.90539
1,33134,0.39139
1,33288,0.31614
1,33571,0.26846
1,33755,0.3749
1,33790,0.34171
1,33844,0.46511
1,33876,0.35768
1,34281,0.37873
1,34359,0.27211
1,34541,0.41351
1,34577,0.26198
1,34609,0.33539
1,34660,0.27273
1,34745,0.28158
1,34829,0.48139
1,34866,0.28074
1,34886,0.29001
1,34937,0.35461
1,35118,0.49601
1,35187,0.34374
1,35314,0.27675
1,35412,0.41937
1,35471,0.37945
1,35638,0.82656
1,35806,0.42431
1,36172,0.46645
1,36219,0.30093
1,36261,0.28784
1,36268,0.28518
1,36283,0.47797
1,36393,0.46986
1,36426,0.84811
1,36484,0.35682
1,36530,0.27305
1,36535,0.25696
1,36653,0.27014
1,36952,0.3493
1,36975,0.41014
1,37006,0.28303
1,37124,0.2698
1,37773,0.93294
1,37839,0.32159
1,37864,0.50734
1,38148,0.47243
1,38194,0.48835
1,38317,0.37033
1,38355,0.2794
1,38382,0.35278
1,38415,0.86972
1,38444,0.2852
1,38470,0.28205
1,38520,0.25893
1,38557,0.35893
1,38665,0.28226
1,38856,0.28613
1,39129,0.66373
1,39216,0.30059
1,39217,0.34534
1,39219,0.35059
1,39414,0.39931
1,39447,0.6336
1,39545,0.53252
1,39594,0.53994
1,39621,0.32279
1,39739,0.26315
1,40017,0.66427
1,40194,0.29264
1,40217,0.47894
1,40343,0.3545
1,40414,0.40162
1,40979,0.25486
1,41013,0.75762
1,41049,0.43154
1,41268,0.43665
1,41273,0.43527
1,41377,0.38536
1,41486,0.25717
1,41565,0.25631
1,41570,0.46639
1,41663,0.39064
1,41668,0.26246
1,41975,0.27733
1,41997,0.2924
1,42104,0.28278
1,42208,0.30835
1,42231,0.84
1,42249,0.38098
1,42273,0.2701
1,42282,0.36718
1,42339,0.334
1,42617,0.31972
1,43024,0.40279
1,43210,0.27285
1,43235,0.36764
1,43398,0.26496
1,43441,0.34981
1,43527,0.27304
1,43565,0.31497
1,44067,0.70407
1,44123,0.87499
1,44145,0.99999
1,44148,0.83647
1,44166,0.48253
1,44172,0.37576
1,44193,0.25184
1,44222,0.37446
1,44293,0.28081
1,44324,0.44594
1,44377,0.27105
1,44429,0.94432
1,44476,0.25537
1,44511,0.47131
1,44554,0.26608
1,44602,0.29093
1,45012,0.29793
1,45036,0.43839
1,45110,0.26445
1,45196,0.257
1,45322,0.30464
1,45434,0.26617
1,45456,0.29478
1,45477,0.25044
1,45574,0.25013
1,45616,0.31909
1,45975,0.44086
1,46060,0.99095
1,46062,0.31834
1,46094,0.58198
1,46164,0.36823
1,46195,0.40648
1,46278,0.33697
1,46317,0.3508
1,46357,0.42801
1,46409,0.50069
1,46485,0.26521
1,46502,0.2948
1,46583,0.51774
1,46609,0.35481
1,46648,0.39884
1,46671,0.34013
1,46746,0.26744
1,46819,0.32349
1,46918,0.34014
1,46973,0.2539
1,46991,0.30192
1,47074,0.37896
1,47347,0.30592
1,47516,0.27663
1,47640,0.29183
1,47665,0.54378
1,48070,0.30564
1,48109,0.48918
1,48244,0.32783
1,48256,0.25911
1,48274,0.25337
1,48306,0.31809
1,48360,0.44156
1,48361,0.54341
1,48439,0.45745
1,48533,0.26557
1,48751,0.40505
1,48811,0.78307
1,48875,0.28427
1,49409,0.72291
1,49448,0.32899
1,49490,0.33832
1,49641,0.28413
1,49688,0.38711
1,49968,0.262
1,50084,0.25511
1,50321,0.4579
1,50333,0.32256
1,50433,0.78516
1,50710,0.29109
1,50740,0.29982
1,50900,0.40351
1,51079,0.28458
1,51112,0.3566
1,51192,0.39969
1,51242,0.40444
1,51258,0.37426
1,51261,0.54759
1,51405,0.51508
1,51455,0.73875
1,51456,0.34958
1,51520,0.26697
1,51577,0.38896
1,51649,0.27053
1,51769,0.95123
1,51902,0.25664
1,52011,0.56745
1,52015,0.35074
1,52020,0.34383
1,52024,0.39967
1,52039,0.55189
1,52066,0.56789
1,52077,0.69128
1,52197,0.25354
1,52225,0.40875
1,52441,0.28445
1,52475,0.26122
1,52581,0.67002
1,52838,0.3404
1,52842,0.28115
1,52872,0.38779
1,53036,0.33799
1,53058,0.31695
1,53184,0.25963
1,53408,0.26522
1,53455,0.5726
1,53681,0.29708
1,53743,0.88329
1,53759,0.36396
1,53766,0.65533
1,54003,0.25805
1,54052,0.52784
1,54096,0.29128
1,54170,0.25327
1,54502,0.33759
1,54782,0.37622
1,55017,0.33062
1,55067,0.59573
1,55147,0.6279
1,55163,0.74078
1,55197,0.39203
1,55205,0.46282
1,55301,0.32349
1,55375,0.29126
1,55450,0.35389
1,55579,0.26886
1,55674,0.35961
48,171,0.27552
48,232,0.96682
48,273,0.31409
48,307,0.91024
48,315,0.75852
48,326,0.97234
48,417,0.99955
48,512,0.26071
48,522,0.31124
48,523,0.94429
48,557,0.36882
48,597,0.4565
48,660,0.25694
48,675,0.99998
48,680,0.74486
48,735,0.29105
48,753,0.36846
48,769,0.98993
48,806,0.71672
48,818,0.99431
48,838,0.96212
48,841,0.9999
48,849,0.41955
48,853,0.34984
48,858,0.77038
48,872,0.74373
48,912,0.96618
48,966,0.99931
48,980,0.68776
48,984,0.9652
48,988,0.91475
48,1045,0.30725
48,1067,0.36481
48,1092,0.62093
48,1115,0.96131
48,1119,0.99014
48,1129,1
48,1137,0.85098
48,1152,0.28446
48,1153,0.27
48,1160,1
48,1256,0.493
48,1276,0.46641
48,1302,0.26744
48,1303,0.4663
48,1334,0.30635
48,1343,0.7301
48,1349,0.30689
48,1412,0.99925
48,1426,0.90226
48,1461,0.3589
48,1623,0.67798
48,1633,0.78522
48,1674,0.84979
48,1697,0.99854
48,1725,1
48,1744,0.60256
48,1753,0.6516
48,1761,1
48,1762,0.80418
48,1766,0.34443
48,1774,0.91775
48,1775,0.31555
48,1786,0.5088
48,1815,0.34221
48,1824,0.38704
48,1852,0.92281
48,1905,1
48,1915,0.9483
48,1945,0.85265
48,2009,0.27686
48,2027,0.29796
48,2096,0.29538
48,2139,0.92072
48,2152,0.95038
48,2186,1
48,2191,0.33389
48,2226,0.74078
48,2233,0.30367
48,2237,0.37618
48,2243,0.99974
48,2329,0.42018
48,2344,0.98561
48,2385,0.88239
48,2466,0.29327
48,2509,0.40098
48,2512,0.99814
48,2514,0.56183
48,2571,0.2778
48,2598,0.30478
48,2615,0.98797
48,2618,0.99847
48,2653,0.27031
48,2656,0.68877
48,2671,0.2605
48,2672,0.83896
48,2697,0.32815
48,2793,0.99993
48,2800,0.45538
48,2848,0.60102
48,2876,0.25462
48,2920,0.99517
48,2921,0.27721
48,2967,0.29034
48,3021,0.26269
48,3069,0.94845
48,3089,0.263
48,3101,0.30617
48,3251,0.25979
48,3270,0.53095
48,3278,0.30702
48,3304,0.29472
48,3413,0.99998
48,3431,1
48,3561,0.55334
48,3576,0.75118
48,3577,0.3233
48,3595,0.93238
48,3644,0.99934
48,3674,0.95963
48,3676,0.28267
48,3722,0.71302
48,3732,0.99934
48,3738,0.2923
48,3778,0.35337
48,3784,0.26979
48,3830,0.48491
48,3839,0.31974
48,3844,0.87056
48,3856,0.9886
48,3869,0.70763
48,3932,0.48198
48,4004,0.77509
48,4016,0.87703
48,4027,0.55278
48,4031,0.53605
48,4050,0.27528
48,4070,1
48,4098,0.63966
48,4185,0.53395
48,4248,0.87749
48,4256,0.50097
48,4283,0.99888
48,4311,0.44159
48,4336,0.99739
48,4355,0.70602
48,4583,0.58188
48,4585,0.36106
48,4645,0.28349
48,4661,0.71039
48,4728,0.28567
48,4739,0.44389
48,4740,0.41973
48,4745,0.76085
48,4752,0.61707
48,4775,0.99289
48,4789,0.93342
48,4793,0.96991
48,4816,0.69721
48,4831,0.3339
48,4832,0.56498
48,4880,0.98059
48,4940,0.99991
48,4942,0.86747
48,4945,0.94656
48,4971,0.36827
48,4992,0.35111
48,5027,0.46439
48,5062,0.52977
48,5095,0.98356
48,5127,0.29073
48,5146,0.80145
48,5198,0.25458
48,5202,0.89778
48,5203,0.9463
48,5303,0.33704
48,5305,0.87276
48,5309,0.35437
48,5323,0.39317
48,5332,0.58922
48,5336,0.99646
48,5348,0.69012
48,5421,0.86862
48,5473,0.80243
48,5481,0.60965
48,5486,1
48,5514,0.99999
48,5515,0.62407
48,5533,0.9819
48,5633,0.99671
48,5634,1
48,5680,0.90022
48,5703,0.94653
48,5720,0.72417
48,5722,0.27223
48,5758,0.44032
48,5769,0.55649
48,5787,0.99819
48,5812,0.56167
48,5813,0.96053
48,5878,0.3116
48,5895,0.27184
48,5904,0.31904
48,5911,0.29772
48,5932,0.78076
48,5984,0.28516
48,6018,0.25385
48,6037,0.31649
48,6061,0.81432
48,6092,0.49199
48,6098,0.53067
48,6115,0.52898
48,6173,0.9986
48,6239,0.34604
48,6248,0.79932
48,6351,0.99354
48,6357,0.65679
48,6370,0.41294
48,6378,0.30025
48,6400,0.70748
48,6473,1
48,6505,0.39072
48,6509,0.9986
48,6573,0.28211
48,6674,0.86505
48,6816,1
48,6843,0.50408
48,6874,0.27944
48,6945,0.75974
48,6976,0.55023
48,7006,0.91735
48,7025,0.35597
48,7072,0.42743
48,7078,0.39498
48,7093,0.27051
48,7128,0.85077
48,7194,0.36195
48,7203,0.44691
48,7207,0.77644
48,7213,0.55791
48,7216,0.49479
48,7222,0.27558
48,7277,0.99663
48,7381,0.57814
48,7436,0.46836
48,7446,0.47606
48,7512,0.55589
48,7570,0.90778
48,7659,0.34998
48,7709,0.47059
48,7713,0.88529
48,7715,0.95307
48,7755,0.36131
48,7858,0.40304
48,7981,0.51484
48,7991,0.84432
48,8067,0.99872
48,8151,0.42773
48,8239,0.45725
48,8302,0.37515
48,8321,0.34266
48,8406,0.27553
48,8414,0.43065
48,8467,0.83707
48,8521,0.85174
48,8570,0.98895
48,8580,0.92225
48,8630,0.46721
48,8664,0.52101
48,8666,0.58783
48,8708,0.47526
48,8726,0.38621
48,8749,0.7879
48,8757,0.31331
48,8764,0.73533
48,8825,0.48512
48,8847,0.63861
48,8853,0.99811
48,8890,0.409
48,8924,0.98604
48,9053,0.36106
48,9165,0.32815
48,9202,0.28032
48,9279,0.91767
48,9295,0.50293
48,9315,0.30753
48,9325,0.44669
48,9333,0.27531
48,9403,0.9241
48,9406,0.37899
48,9451,0.42257
48,9476,0.31092
48,9579,0.52345
48,9608,0.8204
48,9619,0.5855
48,9629,0.26419
48,9711,0.28109
48,9722,0.31572
48,9774,0.73039
48,9843,0.75791
48,9856,0.26868
48,9880,0.39394
48,9958,0.29886
48,10030,0.37607
48,10065,0.62446
48,10101,0.2765
48,10155,0.74466
48,10183,1
48,10204,0.92236
48,10252,0.25887
48,10285,0.38216
48,10382,0.26273
48,10429,0.29945
48,10432,0.26973
48,10458,0.40249
48,10465,0.51985
48,10497,0.29378
48,10613,0.45079
48,10617,0.93949
48,10627,0.7956
48,10666,0.54036
48,10725,0.48762
48,10748,0.48541
48,10766,0.99308
48,10779,0.26485
48,10798,0.71102
48,10866,0.60484
48,10868,0.72591
48,10904,0.99529
48,10912,0.58941
48,10928,0.28632
48,10931,0.59041
48,11006,0.99875
48,11013,0.97297
48,11067,0.64106
48,11095,0.28614
48,11102,0.72383
48,11158,0.88746
48,11196,0.44955
48,11269,0.62419
48,11300,0.94441
48,11304,0.35607
48,11322,0.56466
48,11338,0.91633
48,11352,0.90796
48,11370,0.97942
48,11447,0.39051
48,11480,0.48052
48,11497,0.26265
48,11505,0.73933
48,11520,0.40437
48,11588,0.99986
48,11631,0.9541
48,11637,0.9665
48,11639,0.61969
48,11674,0.25865
48,11732,0.4038
48,11736,0.40445
48,11743,0.3819
48,11747,0.34543
48,11766,0.33197
48,11786,0.31789
48,11836,0.93207
48,11885,0.26841
48,11891,0.70967
48,11903,0.51949
48,11928,0.37502
48,11977,0.30249
48,12065,0.41967
48,12072,0.72546
48,12086,0.91618
48,12173,0.91796
48,12210,0.30849
48,12214,0.4728
48,12313,0.38699
48,12328,0.28895
48,12330,0.34917
48,12378,0.32893
48,12410,0.99903
48,12411,0.42603
48,12477,0.35922
48,12504,0.38138
48,12514,0.33481
48,12608,0.43882
48,12615,0.5155
48,12643,0.34133
48,12648,0.27429
48,12656,0.27863
48,12662,0.99982
48,12664,0.58044
48,12667,0.85954
48,12682,0.42808
48,12766,0.50751
48,12778,0.96723
48,12784,0.77482
48,12799,0.76074
48,12821,0.76546
48,12843,0.27649
48,12869,0.41365
48,12891,0.28111
48,12989,0.89677
48,13021,0.27513
48,13042,0.26731
48,13150,0.31479
48,13154,0.75692
48,13217,0.65207
48,13248,0.53417
48,13267,0.9068
48,13271,0.63077
48,13326,0.8676
48,13332,0.26139
48,13368,0.60986
48,13426,0.98312
48,13469,0.31621
48,13474,0.99991
48,13480,0.28208
48,13491,0.39532
48,13501,0.35439
48,13566,0.98194
48,13606,0.55962
48,13700,0.39663
48,13708,0.39011
48,13714,0.57639
48,13730,0.2926
48,13741,0.64826
48,13761,0.57477
48,13798,0.52719
48,13829,0.74259
48,13839,0.51929
48,13854,0.94429
48,13907,0.29032
48,13933,0.26772
48,13942,0.69749
48,13951,0.47506
48,13957,0.437
48,13995,0.29102
48,14005,1
48,14106,0.47593
48,14137,0.98875
48,14194,0.99959
48,14198,0.46221
48,14201,0.76239
48,14203,0.72906
48,14211,0.44959
48,14277,0.44913
48,14302,1
48,14337,0.47089
48,14342,0.6966
48,14356,0.36948
48,14375,0.29767
48,14405,0.91421
48,14447,1
48,14466,0.27606
48,14513,0.44786
48,14522,0.32211
48,14524,0.34485
48,14634,0.99542
48,14669,0.32648
48,14700,0.77507
48,14704,0.33742
48,14734,0.80572
48,14738,0.99999
48,14739,0.93328
48,14821,0.63848
48,14823,0.44054
48,14835,0.91698
48,14866,0.91114
48,14876,0.63712
48,14878,1
48,14879,1
48,14918,0.4386
48,14934,0.45886
48,14946,0.38409
48,14955,0.38942
48,14960,0.47315
48,14975,0.5092
48,14984,0.94037
48,14986,0.56436
48,15080,0.40181
48,15106,0.92957
48,15111,0.46133
48,15116,0.65772
48,15145,0.99137
48,15178,0.27386
48,15179,0.99992
48,15267,0.78305
48,15288,0.85158
48,15329,0.999
48,15366,0.51096
48,15370,0.50454
48,15380,0.90641
48,15384,0.6001
48,15392,0.41885
48,15425,0.59643
48,15467,0.99762
48,15468,0.73159
48,15524,0.40869
48,15539,0.64185
48,15554,0.55921
48,15575,0.43499
48,15585,0.33057
48,15605,0.55613
48,15613,0.26344
48,15665,0.25582
48,15723,0.32444
48,15786,0.29452
48,15793,0.47176
48,15820,0.27903
48,15824,0.57674
48,15839,0.53704
48,15884,0.33986
48,16002,0.7635
48,16008,0.81494
48,16017,0.7811
48,16023,0.31883
48,16084,0.3326
48,16116,0.33423
48,16124,0.6088
48,16248,0.33647
48,16262,0.45969
48,16275,0.65793
48,16289,0.91006
48,16299,0.74151
48,16305,0.56397
48,16401,0.51852
48,16455,0.70706
48,16483,0.38448
48,16514,0.59379
48,16538,0.42792
48,16548,0.92881
48,16550,0.25074
48,16589,0.90004
48,16605,0.25696
48,16711,0.65568
48,16744,0.7287
48,16755,0.8018
48,16822,0.26968
48,16838,0.70834
48,16851,0.88443
48,16852,0.34478
48,16856,0.57321
48,16884,0.34692
48,16923,0.2691
48,16988,0.43852
48,16999,0.34432
48,17002,0.43639
48,17019,0.56687
48,17024,0.62315
48,17051,0.4424
48,17058,0.44293
48,17096,0.32132
48,17107,0.71392
48,17119,0.62121
48,17124,0.3027
48,17134,0.701
48,17136,0.28172
48,17140,0.86041
48,17176,0.41813
48,17184,0.59302
48,17186,0.4418
48,17189,0.58096
48,17200,0.58084
48,17239,0.57941
48,17267,0.96182
48,17274,0.30186
48,17297,0.37653
48,17308,0.48916
48,17311,0.27309
48,17328,0.85454
48,17344,0.256
48,17370,0.31445
48,17373,0.48107
48,17376,0.38667
48,17411,0.40924
48,17443,0.25611
48,17559,0.99805
48,17596,0.56256
48,17641,0.72025
48,17729,0.41644
48,17732,0.37804
48,17751,0.38268
48,17800,0.8253
48,17861,0.26103
48,17874,0.2692
48,17899,0.35431
48,17921,0.92342
48,17937,0.36477
48,17977,0.28822
48,18011,0.45213
48,18066,0.76584
48,18072,0.78847
48,18115,0.92329
48,18150,0.47102
48,18163,0.73534
48,18191,0.41854
48,18217,0.25184
48,18239,0.30432
48,18286,0.99738
48,18291,0.25713
48,18301,0.29112
48,18304,0.29169
48,18319,0.53334
48,18348,0.96223
48,18408,0.53148
48,18426,0.2876
48,18427,0.25359
48,18430,0.50583
48,18433,0.43947
48,18470,0.31491
48,18502,0.31592
48,18542,0.26136
48,18578,0.27699
48,18605,0.51371
48,18706,0.33857
48,18713,0.59873
48,18721,0.56305
48,18734,0.34339
48,18752,0.3339
48,18772,1
48,18804,0.35023
48,18805,0.2623
48,18813,0.96745
48,18980,0.3266
48,19002,0.39581
48,19013,0.54783
48,19024,0.32202
48,19044,0.33606
48,19069,0.56232
48,19073,0.99823
48,19077,0.74131
48,19124,0.28801
48,19145,0.98486
48,19164,0.36557
48,19165,0.99989
48,19167,0.3721
48,19184,0.62426
48,19199,0.54356
48,19250,0.30011
48,19315,0.46365
48,19329,0.81363
48,19342,0.82454
48,19354,0.67761
48,19361,0.25048
48,19429,0.32083
48,19455,0.94226
48,19458,0.81429
48,19476,0.29828
48,19501,0.3832
48,19582,0.98761
48,19588,0.29313
48,19593,0.73864
48,19603,0.49858
48,19634,0.34768
48,19732,1
48,19750,0.88469
48,19791,0.50488
48,19794,0.31358
48,19809,0.62836
48,19845,0.42796
48,19877,0.68129
48,19883,0.3818
48,19895,0.69543
48,19900,0.35964
48,20039,0.42582
48,20040,0.9279
48,20069,0.28244
48,20157,0.50764
48,20181,0.43441
48,20182,0.4368
48,20210,0.98952
48,20215,0.47463
48,20229,0.2971
48,20272,0.91606
48,20297,0.33978
48,20303,0.26266
48,20304,0.49322
48,20313,0.93668
48,20329,0.6166
48,20360,0.42569
48,20379,0.33152
48,20458,0.27818
48,20464,0.99803
48,20511,0.37805
48,20534,0.38675
48,20558,0.85793
48,20616,0.43399
48,20620,0.96886
48,20757,0.26309
48,20760,0.42906
48,20766,0.46897
48,20787,0.42258
48,20834,0.37015
48,20837,0.25844
48,20885,0.90952
48,20903,0.66211
48,20960,0.29415
48,21050,0.57509
48,21087,0.3085
48,21120,0.65242
48,21121,0.99892
48,21123,0.33137
48,21128,0.3458
48,21211,0.99848
48,21215,0.25551
48,21233,0.91357
48,21250,0.42592
48,21264,0.50308
48,21287,0.28194
48,21298,0.36345
48,21328,0.9863
48,21395,0.44419
48,21423,0.43014
48,21433,0.60177
48,21439,0.33076
48,21485,0.70427
48,21507,0.90356
48,21517,0.74479
48,21521,0.7509
48,21641,0.97747
48,21691,0.25067
48,21693,0.57571
48,21698,0.92038
48,21713,1
48,21762,0.2888
48,21773,0.44001
48,21790,0.27077
48,21791,0.29519
48,21799,0.38159
48,21807,0.52147
48,21851,0.99946
48,21864,0.40234
48,21870,0.34746
48,21903,0.36933
48,21921,0.28616
48,21939,0.29962
48,22013,0.2928
48,22044,1
48,22048,0.42185
48,22098,0.93265
48,22110,0.27755
48,22142,0.32408
48,22190,0.98381
48,22220,0.3092
48,22398,0.2698
48,22445,0.2598
48,22520,0.28237
48,22556,0.26438
48,22590,0.29075
48,22600,0.2823
48,22667,0.32596
48,22699,0.31008
48,22736,0.5979
48,22760,0.64283
48,22762,0.99988
48,22763,0.27649
48,22768,0.9361
48,22769,0.29928
48,22806,0.2647
48,22821,0.73907
48,22852,0.99235
48,22885,0.47965
48,22899,0.97763
48,22940,0.47081
48,22982,0.51924
48,22984,0.41339
48,22986,0.71915
48,23012,0.32807
48,23062,0.36333
48,23067,0.56394
48,23083,0.26909
48,23104,0.56546
48,23115,0.59213
48,23165,0.98714
48,23201,0.40019
48,23213,0.39752
48,23296,0.26136
48,23334,0.27138
48,23341,0.38964
48,23344,0.50299
48,23356,0.68825
48,23408,0.40383
48,23434,0.57584
48,23449,0.39454
48,23450,0.40185
48,23467,0.88087
48,23512,0.3789
48,23545,0.60868
48,23546,0.4088
48,23652,0.31816
48,23660,0.31432
48,23702,0.94282
48,23724,0.34078
48,23729,0.30654
48,23743,0.73764
48,23763,0.35042
48,23798,0.99895
48,23801,0.79802
48,23903,0.31686
48,23964,0.49054
48,24047,0.64613
48,24070,0.83968
48,24164,0.30053
48,24190,0.9994
48,24193,0.6084
48,24229,0.90316
48,24237,0.71217
48,24248,0.38487
48,24320,0.48016
48,24371,0.99996
48,24396,0.64569
48,24450,0.98888
48,24583,0.297
48,24609,0.36659
48,24622,0.45691
48,24623,0.98963
48,24632,0.36557
48,24656,0.28043
48,24670,0.46891
48,24700,0.37416
48,24706,0.67566
48,24721,0.32164
48,24740,0.51486
48,24806,0.86667
48,24815,0.75073
48,24827,0.4491
48,24899,0.52977
48,24915,0.37705
48,24970,0.37359
48,25025,0.36715
48,25049,0.78932
48,25052,0.97869
48,25080,0.39135
48,25104,0.39966
48,25105,0.40389
48,25130,0.99782
48,25151,0.33662
48,25241,0.57084
48,25255,0.31067
48,25267,0.87866
48,25337,0.66912
48,25399,0.28854
48,25401,0.25525
48,25404,0.93234
48,25430,0.43447
48,25457,0.47939
48,25499,0.99279
48,25552,0.5982
48,25568,0.39585
48,25573,0.56595
48,25682,0.50721
48,25696,0.31851
48,25762,0.67141
48,25846,0.3626
48,25855,0.87586
48,25858,0.79574
48,25926,0.46811
48,25996,0.66407
48,26012,0.59735
48,26056,0.26991
48,26093,0.93163
48,26132,0.30083
48,26148,0.46788
48,26189,0.60671
48,26247,0.44708
48,26260,0.94915
48,26272,0.60549
48,26290,0.49533
48,26297,0.31767
48,26305,0.38578
48,26340,0.97412
48,26413,0.31701
48,26421,0.68047
48,26425,0.39761
48,26565,0.30141
48,26587,0.9929
48,26692,0.8054
48,26717,0.80064
48,26720,0.28475
48,26771,0.83635
48,26848,0.57814
48,26854,0.47924
48,26864,0.99999
48,26881,0.36235
48,26886,0.26895
48,27057,0.68473
48,27124,0.39776
48,27165,0.53187
48,27224,0.29811
48,27277,0.96582
48,27354,0.27493
48,27380,0.95352
48,27482,0.71985
48,27492,0.62267
48,27501,1
48,27573,0.46879
48,27580,0.28079
48,27601,0.56119
48,27666,1
48,27701,0.36936
48,27733,0.9971
48,27751,0.25622
48,27757,0.6976
48,27793,0.86289
48,27868,0.62892
48,27897,0.77597
48,27954,0.29679
48,27968,0.3843
48,28008,0.84863
48,28030,0.56912
48,28127,0.71806
48,28212,0.30815
48,28231,0.74268
48,28282,0.30307
48,28292,0.90992
48,28308,0.36873
48,28324,0.44918
48,28347,0.81049
48,28429,0.41717
48,28436,0.41657
48,28438,0.38931
48,28448,0.90705
48,28503,0.39855
48,28512,0.35032
48,28540,0.44311
48,28575,0.43788
48,28579,0.48783
48,28654,0.33952
48,28683,0.98168
48,28722,0.55571
48,28730,0.58785
48,28740,0.47428
48,28748,0.58515
48,28833,0.29034
48,28863,0.51798
48,28873,0.37091
48,28994,0.30418
48,29008,0.9554
48,29022,0.47334
48,29045,0.30507
48,29098,0.94518
48,29117,0.96248
48,29127,0.26153
48,29151,0.61991
48,29172,0.77519
48,29197,0.99992
48,29291,0.86003
48,29325,0.69353
48,29335,0.29726
48,29358,0.482
48,29426,0.66402
48,29439,0.98775
48,29473,0.92838
48,29483,0.33564
48,29499,0.91026
48,29506,0.41563
48,29554,0.36028
48,29558,0.33745
48,29584,0.59215
48,29590,0.43349
48,29601,0.87903
48,29783,0.25441
48,29867,0.25118
48,29892,0.49028
48,29921,0.3652
48,29934,0.40097
48,29954,0.98478
48,29966,0.76421
48,30003,0.69165
48,30074,0.40892
48,30080,0.40567
48,30150,0.35766
48,30164,0.55809
48,30189,0.49867
48,30310,0.35965
48,30338,0.87737
48,30467,0.39137
48,30468,0.61281
48,30524,0.48728
48,30526,0.46366
48,30591,0.99776
48,30623,0.29823
48,30627,0.30545
48,30732,0.55884
48,30761,0.5782
48,30765,0.99684
48,30774,0.81756
48,30787,0.53125
48,30892,0.36559
48,30924,0.9377
48,30951,0.37931
48,31018,0.26046
48,31061,0.50436
48,31069,0.48271
48,31083,0.73462
48,31164,0.29238
48,31216,0.53543
48,31259,0.9468
48,31307,0.27291
48,31340,0.63015
48,31417,0.30452
48,31479,0.51547
48,31482,0.43331
48,31591,0.36051
48,31618,0.9979
48,31624,0.54927
48,31638,0.31377
48,31659,0.9827
48,31667,0.56769
48,31680,0.34558
48,31759,0.49353
48,31775,0.68254
48,31777,0.31822
48,31890,0.7791
48,31910,0.57046
48,32032,0.25436
48,32043,0.27303
48,32050,0.36777
48,32064,0.33703
48,32070,0.41615
48,32199,0.36766
48,32220,0.37665
48,32252,0.64351
48,32416,0.40756
48,32509,0.99905
48,32541,0.92698
48,32546,0.37086
48,32592,0.27323
48,32621,0.30028
48,32627,0.25132
48,32650,0.59369
48,32657,0.39406
48,32664,0.28803
48,32734,0.93671
48,32814,0.87029
48,32825,0.39629
48,32940,0.89382
48,33037,0.34725
48,33047,0.30158
48,33048,0.25136
48,33100,0.26612
48,33164,0.27445
48,33198,0.90798
48,33203,0.77037
48,33204,0.66296
48,33214,0.28225
48,33235,0.50755
48,33337,0.3121
48,33351,0.46235
48,33447,0.47878
48,33467,0.30162
48,33483,0.28353
48,33726,0.28391
48,33962,0.49677
48,33971,0.3025
48,34050,0.88236
48,34081,0.46555
48,34150,1
48,34159,0.63827
48,34190,0.77537
48,34244,0.91789
48,34316,0.31978
48,34325,0.80219
48,34329,0.82939
48,34347,0.4661
48,34349,0.68522
48,34353,0.59814
48,34377,0.63263
48,34485,0.96103
48,34488,0.30241
48,34496,0.3234
48,34509,0.34816
48,34525,0.39801
48,34595,0.34363
48,34658,0.61546
48,34770,0.25322
48,34922,0.91333
48,34928,0.99999
48,34983,1
48,34994,0.67338
48,35066,0.53434
48,35151,0.28417
48,35165,0.32801
48,35224,0.33225
48,35250,0.29162
48,35469,0.8266
48,35508,0.57159
48,35510,0.70613
48,35529,0.59802
48,35534,0.30396
48,35618,0.97185
48,35621,0.59601
48,35629,0.55873
48,35824,0.57355
48,35945,0.44833
48,36060,0.98795
48,36064,0.78519
48,36097,0.37989
48,36098,0.42648
48,36127,0.26496
48,36336,0.85087
48,36367,0.99632
48,36369,0.35143
48,36481,0.66958
48,36501,0.98798
48,36617,0.50918
48,36658,0.84692
48,36665,0.33191
48,36749,0.52676
48,36755,0.96156
48,37038,0.58603
48,37080,0.30134
48,37196,0.52869
48,37202,0.99824
48,37231,0.81438
48,37236,0.33643
48,37239,0.94733
48,37253,0.77405
48,37257,0.74613
48,37265,0.79426
48,37388,0.69418
48,37400,0.33981
48,37466,0.32947
48,37471,0.3711
48,37505,0.78966
48,37546,0.35854
48,37650,0.47863
48,37657,0.3453
48,37748,0.25839
48,37779,0.33791
48,37807,0.37761
48,37863,0.392
48,37878,0.47113
48,37891,0.38165
48,37919,0.30815
48,37979,0.96509
48,38019,0.99006
48,38094,0.82439
48,38290,0.55669
48,38418,0.3687
48,38512,0.31345
48,38519,0.57527
48,38527,0.30065
48,38717,0.33415
48,38801,0.80002
48,38825,0.44911
48,38849,0.61371
48,39137,0.47062
48,39251,0.84408
48,39282,0.35042
48,39392,0.47608
48,39683,0.30226
48,39690,0.43722
48,39775,0.53146
48,39924,0.40656
48,40011,0.99992
48,40083,0.99535
48,40248,0.27451
48,40265,0.26373
48,40361,0.29467
48,40387,0.2793
48,40420,0.68343
48,40541,0.9026
48,40553,0.41141
48,40592,1
48,40694,0.27539
48,40704,0.59927
48,40736,0.93833
48,40952,0.28769
48,40991,0.36347
48,41235,0.94877
48,41252,0.32375
48,41291,0.26801
48,41363,0.32139
48,41379,0.7827
48,41381,0.66544
48,41420,0.97618
48,41555,0.98449
48,41569,0.87135
48,41577,0.51087
48,41733,0.74424
48,41816,0.37979
48,41848,0.27798
48,41918,0.30633
48,41983,0.84727
48,41996,0.58713
48,42113,0.33737
48,42167,0.47682
48,42300,0.30356
48,42315,0.55417
48,42603,0.25718
48,42665,0.33837
48,42734,0.58406
48,42830,0.47528
48,42868,0.46787
48,42887,0.31799
48,43118,0.25221
48,43145,0.92933
48,43174,0.40972
48,43247,0.30962
48,43256,0.26948
48,43270,0.31733
48,43277,0.42555
48,43304,0.44607
48,43321,0.88704
48,43329,0.30606
48,43354,0.3037
48,43660,0.56948
48,43708,0.37126
48,43854,0.94402
48,43909,0.29683
48,43965,0.30605
48,43997,0.61441
48,44034,0.75664
48,44081,0.39785
48,44083,0.29538
48,44120,0.47618
48,44151,0.29742
48,44284,0.44689
48,44417,0.65138
48,44418,0.35949
48,44465,0.69191
48,44501,0.40878
48,44512,0.82844
48,44534,0.40174
48,44545,0.96296
48,44550,0.34034
48,44700,0.80712
48,44703,0.26214
48,44758,0.32375
48,44821,0.40122
48,44843,0.91265
48,44860,0.28811
48,44867,0.9987
48,44878,0.78247
48,44882,0.43311
48,45028,0.26998
48,45059,0.30044
48,45112,0.38261
48,45223,0.38232
48,45238,0.73544
48,45243,0.81905
48,45292,0.29496
48,45316,0.9797
48,45333,0.97031
48,45462,0.84309
48,45482,0.44643
48,45494,0.94521
48,45591,0.77536
48,45623,0.25825
48,45635,0.94149
48,45655,0.26176
48,45669,0.26593
48,45695,0.32413
48,45778,0.39272
48,45849,1
48,45850,0.94789
48,45856,0.99986
48,45888,0.48541
48,45898,0.88439
48,45977,0.25893
48,45978,0.4011
48,45983,0.41568
48,46016,0.68642
48,46186,0.45504
48,46318,0.36809
48,46352,0.28378
48,46379,0.58796
48,46549,0.27606
48,46562,0.66208
48,46597,0.65853
48,46736,0.95339
48,46751,0.45948
48,46753,0.3374
48,46917,0.62712
48,46952,0.41665
48,47016,0.33665
48,47048,0.37411
48,47079,0.59077
48,47104,0.73551
48,47198,0.45372
48,47266,0.53197
48,47290,0.35748
48,47293,0.71501
48,47319,0.54302
48,47338,0.26653
48,47352,0.3315
48,47379,0.99996
48,47452,0.54628
48,47465,0.95819
48,47482,0.51459
48,47487,0.40889
48,47614,0.93107
48,47746,0.68397
48,47913,0.42449
48,48012,0.39114
48,48031,0.67392
48,48034,0.52896
48,48164,0.30139
48,48182,0.42846
48,48191,0.40013
48,48193,0.29186
48,48329,0.68333
48,48359,0.30415
48,48375,0.59806
48,48446,0.62296
48,48458,0.27108
48,48476,0.69929
48,48488,0.2779
48,48490,0.3632
48,48504,0.42307
48,48528,0.25642
48,48559,0.76515
48,48622,0.92705
48,48771,0.44204
48,48787,0.76568
48,48791,0.53566
48,48818,0.53823
48,48886,0.27433
48,48921,0.50198
48,48925,0.27304
48,49050,0.86497
48,49073,0.42132
48,49094,0.4055
48,49107,0.26242
48,49126,0.6884
48,49181,0.98635
48,49206,0.57075
48,49226,0.87579
48,49227,0.39867
48,49316,0.31762
48,49335,0.43834
48,49354,0.85429
48,49355,0.46719
48,49367,0.60157
48,49454,0.27117
48,49470,0.92034
48,49503,0.28256
48,49506,0.30483
48,49525,0.66996
48,49631,0.29601
48,49655,0.83161
48,49757,0.3472
48,49774,0.40935
48,49778,0.31089
48,49783,0.29288
48,49786,0.62826
48,49806,0.77727
48,49855,0.35858
48,49889,0.3772
48,49900,0.30996
48,49918,0.58973
48,49929,0.32576
48,50025,0.27281
48,50038,0.33271
48,50073,0.374
48,50074,0.4582
48,50078,0.9024
48,50095,0.8061
48,50096,0.30109
48,50104,0.27641
48,50106,0.4875
48,50110,0.42802
48,50146,0.42347
48,50208,0.56254
48,50226,0.41851
48,50233,0.62492
48,50244,0.70877
48,50253,0.35756
48,50262,0.44253
48,50295,0.39346
48,50306,0.91476
48,50360,0.55524
48,50364,0.27635
48,50374,0.3141
48,50412,0.57175
48,50422,0.38286
48,50465,0.32942
48,50466,0.3462
48,50503,0.36982
48,50517,0.46157
48,50524,0.99476
48,50616,0.30247
48,50647,0.97831
48,50673,0.29904
48,50737,0.29545
48,50787,0.54257
48,50788,0.85842
48,50798,0.51497
48,50804,0.58564
48,50808,0.25618
48,50869,0.31325
48,50912,0.72741
48,50918,0.65654
48,50931,0.57906
48,50942,0.34628
48,50948,0.39385
48,50961,0.80675
48,51027,0.27096
48,51055,0.43712
48,51060,0.56151
48,51105,0.68693
48,51136,0.27973
48,51184,0.34595
48,51232,0.90051
48,51236,0.27755
48,51237,0.4703
48,51248,0.54892
48,51250,0.49646
48,51257,0.47233
48,51262,0.40688
48,51401,0.90184
48,51515,0.97261
48,51552,0.41772
48,51618,0.68485
48,51641,0.81095
48,51653,0.97854
48,51751,0.26776
48,51805,0.91825
48,51856,0.35445
48,51910,0.28549
48,51917,0.28174
48,51922,0.60486
48,51955,0.99389
48,51973,0.57003
48,52046,0.32429
48,52084,0.99874
48,52101,0.45011
48,52125,0.26773
48,52205,0.45245
48,52208,0.57041
48,52219,0.90269
48,52232,0.91353
48,52235,0.86447
48,52255,0.51474
48,52258,0.47239
48,52316,0.29099
48,52363,0.6937
48,52386,0.40157
48,52431,0.67966
48,52457,0.39502
48,52514,0.78769
48,52600,0.76246
48,52621,0.3667
48,52707,0.30387
48,52756,0.29749
48,52791,0.47249
48,52818,0.72854
48,52894,0.30935
48,52947,0.3716
48,52969,0.34151
48,52976,0.33639
48,52980,0.56334
48,53054,0.2576
48,53076,0.90605
48,53211,0.65841
48,53236,0.95082
48,53257,0.38071
48,53330,0.27609
48,53336,0.37122
48,53357,0.33637
48,53373,0.38507
48,53384,0.92085
48,53395,0.99823
48,53407,0.43522
48,53437,0.72312
48,53510,0.40968
48,53544,0.7001
48,53660,0.2994
48,53667,0.53512
48,53758,0.28854
48,53812,0.57969
48,53819,0.27352
48,53841,0.63209
48,53890,0.26058
48,53956,0.83815
48,54028,0.97349
48,54044,0.69048
48,54114,0.34711
48,54178,0.42563
48,54187,0.38608
48,54278,0.51844
48,54287,0.37607
48,54385,0.38013
48,54402,0.55309
48,54406,1
48,54411,0.27727
48,54416,0.98084
48,54417,0.84025
48,54435,1
48,54498,0.97368
48,54515,0.9395
48,54535,0.3624
48,54672,0.49745
48,54678,0.53201
48,54693,0.58356
48,54698,0.95507
48,54719,0.59576
48,54764,0.99998
48,54765,0.41046
48,54828,0.79877
48,54830,0.95851
48,54834,0.85844
48,54911,0.5108
48,54914,0.38387
48,54928,0.55889
48,54935,0.45507
48,54946,0.92943
48,54972,0.41494
48,55068,0.46256
48,55086,0.57087
48,55109,0.75625
48,55113,0.91667
48,55298,0.26292
48,55335,0.88904
48,55341,0.84025
48,55396,0.41082
48,55465,0.28749
48,55529,0.81987
48,55627,0.97635
48,55654,0.27121
95,1,0.40777
95,21,0.43654
95,25,0.42312
95,31,0.295
95,144,0.51659
95,200,0.26274
95,231,0.96507
95,251,0.73845
95,256,0.52712
95,259,0.44322
95,263,0.39542
95,303,0.74688
95,359,0.99989
95,385,0.4505
95,401,0.72121
95,404,0.66458
95,423,0.30249
95,426,0.30447
95,440,0.46485
95,456,0.3456
95,480,0.96123
95,489,0.77795
95,524,0.88692
95,538,0.65161
95,551,0.54056
95,570,0.26131
95,577,0.36717
95,605,0.32409
95,632,0.99013
95,656,0.81813
95,661,0.99898
95,666,0.36684
95,667,0.58917
95,707,0.54192
95,713,0.97167
95,776,0.50066
95,854,0.40397
95,855,0.29777
95,856,0.98542
95,870,0.31787
95,876,0.34682
95,920,0.75611
95,959,0.99458
95,987,0.98031
95,1008,0.47678
95,1012,0.56508
95,1015,0.97337
95,1025,0.40293
95,1052,0.2992
95,1071,0.39647
95,1072,0.54622
95,1094,0.76954
95,1178,0.71273
95,1187,0.87513
95,1196,0.78798
95,1217,0.36225
95,1244,0.78809
95,1261,0.97865
95,1296,0.2793
95,1315,0.89299
95,1319,0.82993
95,1338,0.87232
95,1416,0.80929
95,1419,0.73314
95,1432,0.86151
95,1437,0.40823
95,1446,0.63843
95,1502,0.88366
95,1564,0.96393
95,1595,0.63431
95,1600,0.34276
95,1603,0.38338
95,1604,0.53437
95,1634,0.98244
95,1653,0.2737
95,1654,0.34073
95,1660,0.53037
95,1688,0.46793
95,1718,0.79619
95,1719,0.99281
95,1764,0.28973
95,1781,0.26811
95,1788,0.97844
95,1799,0.31503
95,1879,0.61964
95,1904,0.40477
95,1932,0.63353
95,1955,0.55186
95,1981,0.31224
95,2020,0.99926
95,2091,0.80594
95,2115,0.35168
95,2144,0.32129
95,2177,0.6475
95,2180,0.25991
95,2213,0.86557
95,2230,0.84289
95,2364,0.99027
95,2365,0.95124
95,2455,0.26605
95,2491,0.95392
95,2508,0.27024
95,2608,0.25105
95,2649,0.48321
95,2804,0.56394
95,2827,0.31937
95,2829,0.4042
95,2853,0.48497
95,2854,0.36462
95,2932,0.43612
95,2941,0.32286
95,2983,0.42279
95,3039,0.44816
95,3131,0.96716
95,3133,0.38628
95,3157,0.37554
95,3169,0.3438
95,3218,0.47952
95,3398,0.29768
95,3400,0.87788
95,3425,0.68159
95,3428,0.9978
95,3455,0.2732
95,3474,0.48387
95,3564,0.31547
95,3570,0.64841
95,3606,0.49611
95,3703,0.95649
95,3762,0.40347
95,3896,0.68571
95,3898,0.41538
95,4173,0.9104
95,4189,0.32107
95,4216,0.93192
95,4231,0.25478
95,4361,0.29109
95,4371,0.28984
95,4603,0.553
95,4628,0.79824
95,4658,0.41818
95,4821,0.25565
95,4944,0.34584
95,5065,0.43593
95,5154,0.46305
95,5237,0.5642
95,5265,0.8206
95,5320,0.53799
95,5335,0.30347
95,5411,0.92099
95,5432,0.27905
95,5508,0.29733
95,5510,0.37258
95,5530,0.59605
95,5710,0.30911
95,5801,0.27331
95,5988,0.36254
95,5993,0.41112
95,6009,0.50633
95,6097,0.63076
95,6099,0.43051
95,6160,0.6015
95,6171,0.31043
95,6205,0.54806
95,6243,0.32217
95,6303,0.64119
95,6306,0.30532
95,6409,0.97095
95,6465,0.25842
95,6516,0.47418
95,6736,0.29092
95,6748,0.45122
95,6761,0.28858
95,6851,0.97309
95,7022,0.59128
95,7026,0.47447
95,7052,0.34679
95,7053,0.32096
95,7123,0.39716
95,7126,0.26787
95,7192,0.44753
95,7328,0.40132
95,7401,0.35087
95,7431,0.27152
95,7432,0.52421
95,7456,0.2791
95,7464,0.30919
95,7647,0.27519
95,7692,0.32142
95,7699,0.54108
95,7784,0.39625
95,7828,0.3698
95,7875,0.34773
95,7897,0.35565
95,8071,0.40595
95,8073,0.40134
95,8123,0.35306
95,8173,0.28109
95,8325,0.79335
95,8380,1
95,8500,0.58777
95,8585,0.34247
95,8691,0.26989
95,8868,0.58394
95,8891,0.30442
95,8925,0.43698
95,9041,0.31929
95,9056,0.3051
95,9059,0.8315
95,9082,0.2758
95,9091,0.39384
95,9367,0.27677
95,9448,0.44628
95,9453,0.25948
95,9497,0.33299
95,9635,0.25084
95,9654,0.30677
95,9657,0.25365
95,9785,0.61084
95,10125,0.33796
95,10255,0.25748
95,10373,0.59747
95,10417,0.36864
95,10505,0.62677
95,10515,0.27556
95,10526,0.34045
95,10696,0.38253
95,10733,0.38599
95,10782,0.40954
95,10802,0.29897
95,10805,0.34056
95,10964,0.44212
95,11090,0.31673
95,11134,0.44285
95,11250,0.38502
95,11376,0.39992
95,11391,0.25567
95,11393,0.47634
95,11504,0.37993
95,11537,0.39348
95,11560,0.35901
95,11636,0.38564
95,11692,0.29668
95,11714,0.27191
95,11835,0.31844
95,11863,0.32387
95,11940,0.53678
95,12014,0.25477
95,12066,0.29428
95,12082,0.30212
95,12136,0.26408
95,12280,0.41045
95,12356,0.35029
95,12369,0.51994
95,12730,0.46908
95,13024,0.43493
95,13071,0.25934
95,13145,0.29716
95,13175,0.88138
95,13308,0.51416
95,13382,0.32272
95,13401,0.38105
95,13610,0.34934
95,13682,0.41148
95,13720,0.29762
95,13797,0.37548
95,13950,0.3066
95,14003,0.41624
95,14074,0.47989
95,14118,0.75905
95,14173,0.40185
95,14233,0.40029
95,14327,0.68337
95,14367,0.37645
95,14368,0.45906
95,14593,0.37706
95,14613,0.68869
95,14677,0.3759
95,14761,0.76415
95,14810,0.38645
95,14857,0.305
95,14871,0.26538
95,14889,0.31315
95,15034,0.31464
95,15064,0.2741
95,15155,0.28563
95,15203,0.38756
95,15444,0.32099
95,15557,0.67332
95,15673,0.33839
95,15687,0.32581
95,15693,0.38552
95,15716,0.36556
95,15778,0.32523
95,15846,0.30927
95,16053,0.45422
95,16222,0.41928
95,16358,0.32665
95,16368,0.2566
95,16370,0.53241
95,16421,0.87843
95,16523,0.3445
95,16541,0.35012
95,16565,0.28617
95,16610,0.39255
95,16642,0.30287
95,16671,0.31514
95,16683,0.34984
95,16793,0.31619
95,17102,0.56268
95,17243,0.39484
95,17257,0.40468
95,17396,0.54287
95,17403,0.26787
95,17498,0.25211
95,17661,0.62316
95,17666,0.33695
95,17694,0.51692
95,17797,0.31584
95,17817,0.28903
95,17934,0.36506
95,17944,0.34917
95,18058,0.29979
95,18276,0.59295
95,18380,0.33463
95,18698,0.83179
95,18806,0.27059
95,18828,0.41642
95,18888,0.35361
95,18950,0.25815
95,19159,0.56494
95,19201,0.30711
95,19209,0.2663
95,19253,0.44806
95,19359,0.3971
95,19371,0.78417
95,19473,0.4508
95,19537,0.29415
95,19576,0.3172
95,19720,0.40246
95,19721,0.32127
95,19723,0.83325
95,19725,0.33264
95,19780,0.26377
95,20000,0.49861
95,20015,0.71412
95,20081,0.30419
95,20084,0.29922
95,20087,0.34134
95,20146,0.3712
95,20433,0.98655
95,20435,0.55234
95,20474,0.48342
95,20530,0.25238
95,20629,0.65806
95,20648,0.35538
95,20725,0.93726
95,20739,0.88255
95,20759,0.38048
95,20779,0.29351
95,20822,0.3972
95,20873,0.30011
95,20878,0.369
95,20995,0.29262
95,21073,0.27319
95,21155,0.25934
95,21206,0.28981
95,21224,0.27024
95,21240,0.86203
95,21279,0.28457
95,21300,0.35832
95,21351,0.267
95,21380,0.36395
95,21414,0.2697
95,21442,0.30313
95,21504,0.31449
95,21645,0.31929
95,21788,0.59656
95,21833,0.40134
95,21948,0.36884
95,22035,0.50842
95,22075,0.38342
95,22133,0.35971
95,22195,0.29276
95,22203,0.72213
95,22228,0.29871
95,22270,0.36909
95,22434,0.26736
95,22510,0.28779
95,22513,0.39059
95,22522,0.53351
95,22532,0.25568
95,22579,0.27254
95,22595,0.40036
95,22639,0.29624
95,22649,0.61802
95,22672,0.62785
95,22688,0.27319
95,22714,0.28397
95,22791,0.34276
95,22809,0.77661
95,22810,0.32296
95,22819,0.28627
95,22843,0.6574
95,22993,0.26504
95,22995,0.76427
95,23056,0.48976
95,23101,0.39192
95,23109,0.44626
95,23144,0.50232
95,23161,0.47544
95,23290,0.55882
95,23416,0.25258
95,23509,0.81354
95,23529,0.84651
95,23697,0.36243
95,23719,0.36098
95,23725,0.51202
95,23761,0.35815
95,23878,0.36105
95,23937,0.30932
95,24022,0.43414
95,24059,0.29667
95,24064,0.25258
95,24068,0.30128
95,24096,0.68909
95,24150,0.31884
95,24152,0.36332
95,24166,0.37563
95,24167,0.48041
95,24435,0.29804
95,24545,0.25439
95,24582,0.59097
95,24592,0.47614
95,24594,0.32044
95,24666,0.32399
95,24709,0.52789
95,24781,0.3631
95,24900,0.30105
95,24923,0.2644
95,25145,0.85865
95,25264,0.28468
95,25282,0.25522
95,25298,0.96728
95,25306,0.32784
95,25328,0.30454
95,25427,0.39238
95,25431,0.54673
95,25456,0.35871
95,25643,0.29035
95,25657,0.64451
95,25728,0.30907
95,25769,0.64503
95,25896,0.302
95,25902,0.31493
95,25967,0.5973
95,26030,0.2625
95,26045,0.58079
95,26121,0.49122
95,26252,0.56473
95,26279,0.33772
95,26387,0.25929
95,26437,0.47972
95,26462,0.33058
95,26518,0.66524
95,26533,0.6332
95,26576,0.27063
95,26596,0.29627
95,26605,0.35386
95,26721,0.30536
95,26795,0.30931
95,26805,0.37203
95,26970,0.9334
95,26989,0.52546
95,27043,0.29524
95,27089,0.35246
95,27129,0.28422
95,27167,0.26524
95,27171,0.27539
95,27276,0.6287
95,27305,0.43915
95,27364,0.74576
95,27448,0.46276
95,27505,0.41535
95,27545,0.26938
95,27650,0.2559
95,27735,0.28431
95,27927,0.29161
95,27949,0.38984
95,27960,0.56275
95,28035,0.81016
95,28105,0.59368
95,28156,0.28009
95,28185,0.25534
95,28188,0.74462
95,28312,0.26477
95,28331,0.81086
95,28570,0.4456
95,28667,0.30963
95,28685,0.27757
95,28926,0.60443
95,28930,0.32339
95,28982,0.28837
95,28987,0.71216
95,29057,0.441
95,29109,0.3645
95,29149,0.28725
95,29278,0.46633
95,29338,0.51419
95,29398,0.33852
95,29692,0.28342
95,29882,0.41261
95,29973,0.66383
95,30026,0.97714
95,30098,0.51871
95,30121,0.86794
95,30130,0.42391
95,30165,0.39041
95,30186,0.28546
95,30195,0.30882
95,30236,0.90271
95,30304,0.285
95,30324,0.48556
95,30331,0.3525
95,30333,0.40004
95,30355,0.36041
95,30382,0.37365
95,30408,0.34759
95,30434,0.43157
95,30477,0.27272
95,30692,0.63729
95,30704,0.35281
95,30728,0.47184
95,30753,0.37433
95,30789,0.64858
95,30902,0.2806
95,30928,0.38284
95,30929,0.39732
95,31016,0.38609
95,31020,0.32343
95,31033,0.46132
95,31071,0.70455
95,31161,0.4453
95,31481,0.6148
95,31503,0.25117
95,31524,0.33692
95,31543,0.25582
95,31578,0.26478
95,31582,0.28188
95,31584,0.47088
95,31586,0.30407
95,31628,0.31976
95,31649,0.45501
95,31731,0.36841
95,31805,0.77874
95,31876,0.45715
95,31921,0.33721
95,31946,0.47315
95,31951,0.30951
95,31974,0.38486
95,31978,0.27689
95,31997,0.35923
95,32033,0.31065
95,32036,0.5408
95,32124,0.35791
95,32143,0.60827
95,32159,0.4782
95,32163,0.30952
95,32189,0.45272
95,32190,0.39718
95,32213,0.49425
95,32243,0.79281
95,32308,0.55564
95,32314,0.36459
95,32323,0.25896
95,32443,0.5007
95,32465,0.35654
95,32477,0.54395
95,32491,0.73205
95,32499,0.29199
95,32519,0.32172
95,32580,0.36537
95,32631,0.44754
95,32726,0.40862
95,32751,0.32385
95,32803,0.46562
95,32888,0.27967
95,32890,0.56435
95,32903,0.34531
95,32908,0.62315
95,33036,0.52056
95,33041,0.30157
95,33122,0.37662
95,33225,0.28549
95,33352,0.42164
95,33374,0.32391
95,33376,0.57886
95,33470,0.42584
95,33472,0.66588
95,33507,0.46488
95,33533,0.64445
95,33588,0.32239
95,33627,0.39699
95,33656,0.35355
95,33701,0.25663
95,33796,0.31459
95,33801,0.46142
95,33808,0.30515
95,33878,0.25827
95,33887,0.601
95,33933,0.27034
95,33948,0.307
95,33959,0.25072
95,33961,0.39812
95,33985,0.43064
95,34002,0.33791
95,34193,0.3394
95,34324,0.6276
95,34341,0.2506
95,34376,0.28574
95,34474,0.32618
95,34644,0.38885
95,35057,0.39527
95,35223,0.28989
95,35326,0.25771
95,35347,0.32172
95,35374,0.41188
95,35402,0.36349
95,35456,0.40562
95,35520,0.48088
95,35665,0.44536
95,35744,0.32106
95,35805,0.42798
95,35906,0.43676
95,35947,0.39356
95,35977,0.3126
95,36046,0.43735
95,36077,0.29071
95,36085,0.27157
95,36103,0.39453
95,36198,0.30318
95,36246,0.28665
95,36335,0.39705
95,36485,0.39921
95,36667,0.40463
95,36690,0.38266
95,36692,0.27221
95,36759,0.29589
95,36793,0.36616
95,36919,0.38009
95,36953,0.45056
95,37108,0.31571
95,37111,0.31156
95,37113,0.29195
95,37291,0.33675
95,37335,0.65696
95,37357,0.36816
95,37422,0.39896
95,37475,0.36701
95,37519,0.49458
95,37521,0.35482
95,37531,0.82634
95,37619,0.27531
95,37683,0.41973
95,37749,0.33161
95,37757,0.34357
95,37821,0.58622
95,37907,0.30059
95,37921,0.62195
95,37965,0.31763
95,38003,0.34793
95,38051,0.83565
95,38088,0.97487
95,38199,0.33337
95,38254,0.44551
95,38305,0.28376
95,38328,0.27949
95,38384,0.74302
95,38397,0.31286
95,38773,0.30534
95,38804,0.47073
95,38816,0.37225
95,38866,0.2588
95,38897,0.2684
95,38980,0.32238
95,39009,0.51153
95,39063,0.38969
95,39210,0.2561
95,39291,0.44844
95,39317,0.42165
95,39342,0.36455
95,39349,0.36419
95,39374,0.32254
95,39383,0.36895
95,39451,0.89022
95,39601,0.31304
95,39669,0.32344
95,39736,0.30391
95,39810,0.32157
95,40012,0.75973
95,40072,0.39491
95,40081,0.31647
95,40095,0.55597
95,40163,0.25413
95,40258,0.90357
95,40274,0.44019
95,40291,0.33209
95,40354,0.28962
95,40375,0.41293
95,40448,0.28605
95,40548,0.34276
95,40578,0.35872
95,40660,0.34523
95,40687,0.30352
95,40706,0.44497
95,40742,0.31461
95,40792,0.65432
95,41084,0.30783
95,41090,0.3728
95,41110,0.35152
95,41179,0.69569
95,41205,0.52511
95,41320,0.29318
95,41397,0.39014
95,41425,0.42016
95,41457,0.27104
95,41525,0.30937
95,41664,0.39205
95,41706,0.35793
95,41823,0.6884
95,42101,0.4686
95,42162,0.27541
95,42187,0.44011
95,42229,0.42043
95,42262,0.29404
95,42274,0.3212
95,42394,0.26561
95,42615,0.25481
95,42871,0.35942
95,42934,0.27183
95,42939,0.31281
95,43081,0.40179
95,43216,0.6119
95,43353,0.2992
95,43569,0.3608
95,43592,0.48398
95,43699,0.3753
95,43842,0.55428
95,43983,0.28325
95,44021,0.26965
95,44065,0.41662
95,44090,0.34347
95,44110,0.442
95,44340,0.6742
95,44489,0.30147
95,44533,0.39097
95,44581,0.80862
95,44686,0.56443
95,44742,0.42523
95,44792,0.42411
95,44829,0.45494
95,44889,0.45027
95,45069,0.59739
95,45074,0.29572
95,45276,0.48014
95,45331,0.44614
95,45335,0.55907
95,45463,0.28188
95,45594,0.2633
95,46014,0.28994
95,46484,0.30021
95,46539,0.4193
95,46600,0.31428
95,46625,0.29881
95,46826,0.31993
95,46970,0.56449
95,46978,0.71672
95,47101,0.29984
95,47132,0.64524
95,47467,0.29572
95,47669,0.52388
95,47704,0.49922
95,48011,0.42084
95,48098,0.25647
95,48291,0.29537
95,48386,0.25489
95,48395,0.27868
95,48438,0.28793
95,48453,0.32007
95,48545,0.46724
95,48558,0.49953
95,48592,0.72771
95,48775,0.39007
95,48834,0.31774
95,48863,0.43441
95,48922,0.44479
95,49308,0.33029
95,49374,0.25778
95,49399,0.2833
95,49447,0.39854
95,49474,0.42962
95,49480,0.38578
95,49597,0.53949
95,49622,0.77418
95,49623,0.81391
95,49723,0.29265
95,49920,0.25838
95,49987,0.28214
95,50150,0.60897
95,50189,0.51401
95,50232,0.45399
95,50268,0.38672
95,50309,0.33956
95,50328,0.45563
95,50423,0.53849
95,50430,0.74678
95,50442,0.34852
95,50449,0.32952
95,50490,0.38725
95,50505,0.27859
95,50522,0.37517
95,50561,0.46807
95,50609,0.29276
95,50622,0.39328
95,50651,0.45163
95,50652,0.30209
95,50718,0.2507
95,50719,0.37144
95,50785,0.31234
95,50926,0.31202
95,51003,0.60634
95,51162,0.47457
95,51189,0.2929
95,51229,0.26068
95,51442,0.29614
95,51535,0.27724
95,51540,0.30708
95,51609,0.40526
95,51640,0.27065
95,51690,0.27188
95,51736,0.25841
95,51892,0.34329
95,51921,0.98813
95,52009,0.57235
95,52174,0.38489
95,52187,0.26235
95,52270,0.31912
95,52609,0.34035
95,52690,0.26985
95,52759,0.29039
95,52778,0.26597
95,52910,0.40486
95,53033,0.40165
95,53035,0.68527
95,53039,0.38852
95,53109,0.29176
95,53119,0.2617
95,53150,0.43457
95,53288,0.33145
95,53292,0.40739
95,53328,0.37894
95,53847,0.31927
95,53898,0.30019
95,53908,0.29916
95,54033,0.28429
95,54037,0.30034
95,54060,0.26861
95,54087,0.25122
95,54125,0.38555
95,54244,0.27433
95,54313,0.5895
95,54333,0.57289
95,54458,0.81595
95,54593,0.27264
95,54596,0.28212
95,54647,0.2649
95,54740,0.3985
95,54773,0.31663
95,54804,0.4827
95,54846,0.54743
95,54849,0.26723
95,54872,0.25794
95,54880,0.41219
95,54886,0.39097
95,54922,0.29971
95,54933,0.64501
95,54985,0.32307
95,55045,0.35874
95,55138,0.29967
95,55171,0.26455
95,55187,0.38947
95,55473,0.42109
95,55520,0.65026
95,55594,0.38268
