  -4.4280485e-01  -4.4280485e-01  -4.4280485e-01  -7.4981155e-01
   8.5278497e-03   8.5278497e-03   8.5278497e-03  -1.9605408e-01
  -3.7093967e-01  -3.7093967e-01  -3.7093967e-01  -6.2591892e-01
   1.1183337e-01   1.1183337e-01   1.1183337e-01  -3.2574277e-01
  -2.4231059e-01  -2.4231059e-01  -2.4231059e-01  -9.0419888e-01
  -5.7932359e-02  -5.7932359e-02  -5.7932359e-02  -4.2327205e-01
  -5.1621957e-02  -5.1621957e-02  -5.1621957e-02  -1.3583322e+00
   1.3250883e+00   1.3250883e+00   1.3250883e+00   7.1814253e-01
   4.7789319e-01   4.7789319e-01   4.7789319e-01   1.8155705e-01
  -2.9303254e-01  -2.9303254e-01  -2.9303254e-01  -5.1602197e-01
  -8.1509328e-02  -8.1509328e-02  -8.1509328e-02  -4.4102638e-01
   2.6447688e-01   2.6447688e-01   2.6447688e-01  -5.6023219e-01
  -5.4560253e-01  -5.4560253e-01  -5.4560253e-01  -5.9416362e-02
   4.8941926e-01   4.8941926e-01   4.8941926e-01   7.8784168e-03
  -4.7477079e-01  -4.7477079e-01  -4.7477079e-01  -1.3348577e+00
  -3.9956096e-01  -3.9956096e-01  -3.9956096e-01  -7.4094712e-01
  -1.3694055e-01  -1.3694055e-01  -1.3694055e-01   2.7912909e-02
  -5.4599324e-01  -5.4599324e-01  -5.4599324e-01  -9.9922610e-01
   7.3189930e-01   7.3189930e-01   7.3189930e-01   5.6848014e-01
  -1.0482516e-02  -1.0482516e-02  -1.0482516e-02   1.7220609e-01
  -9.5496722e-01  -9.5496722e-01  -9.5496722e-01  -1.1903408e+00
  -5.1712610e-01  -5.1712610e-01  -5.1712610e-01  -4.3058332e-01
  -6.5952128e-01  -6.5952128e-01  -6.5952128e-01  -1.4626770e+00
   2.3430097e-01   2.3430097e-01   2.3430097e-01  -8.0895740e-02
   7.9245285e-01   7.9245285e-01   7.9245285e-01   3.3685028e-02
  -9.0503613e-02  -9.0503613e-02  -9.0503613e-02  -4.3432562e-01
   5.4486669e-02   5.4486669e-02   5.4486669e-02  -3.2532131e-01
  -2.2587594e-01  -2.2587594e-01  -2.2587594e-01  -8.7328103e-01
   8.8325919e-01   8.8325919e-01   8.8325919e-01   4.0665522e-01
  -4.1757214e-03  -4.1757214e-03  -4.1757214e-03  -6.2626604e-01
  -4.2051207e-01  -4.2051207e-01  -4.2051207e-01  -6.7116827e-01
  -3.4054946e-01  -3.4054946e-01  -3.4054946e-01  -5.1491990e-01
  -1.0224015e+00  -1.0746755e+00  -8.3079150e-01  -1.1876775e+00
  -8.1324246e-01  -8.1324246e-01  -8.1324246e-01  -1.1873967e+00
  -4.0096791e-02  -4.0096791e-02  -4.0096791e-02   8.8262582e-02
   2.7911714e-02   2.7911714e-02   2.7911714e-02  -5.9659376e-01
  -2.5909722e-01  -2.5909722e-01  -2.5909722e-01  -1.5710043e+00
  -2.8982166e-01  -2.8982166e-01  -2.8982166e-01  -1.0404518e-01
   3.8395357e-01   3.8395357e-01   3.8395357e-01  -1.4613784e+00
  -3.7260019e-01  -3.7260019e-01  -3.7260019e-01   1.2713631e-01
   5.1424450e-01   5.1424450e-01   5.1424450e-01  -3.8372179e-01
   7.5466905e-01   7.5466905e-01   7.5466905e-01   1.6531143e-01
  -6.4149890e-01  -6.4149890e-01  -6.4149890e-01  -6.0429661e-01
  -5.5288967e-02  -5.5288967e-02  -5.5288967e-02   3.8472200e-01
   5.1103200e-02   5.1103200e-02   5.1103200e-02   7.9721051e-02
  -1.0896890e-01  -1.0896890e-01  -1.0896890e-01  -8.8179168e-01
   1.2588302e-02   1.2588302e-02   1.2588302e-02  -9.1012162e-01
   2.7379030e-01   2.7379030e-01   2.7379030e-01   7.9355822e-01
  -9.1005774e-02  -9.1005774e-02  -9.1005774e-02  -5.6523934e-01
  -4.1651475e-01  -4.1651475e-01  -4.1651475e-01  -4.8473386e-01
  -2.8789148e-01  -2.8789148e-01  -2.8789148e-01  -1.2311385e+00
  -2.6811829e-01  -2.6811829e-01  -2.6811829e-01  -8.0337929e-01
   6.2416767e-01   6.2416767e-01   6.2416767e-01   3.7337956e-01
  -5.3396814e-01  -5.3396814e-01  -5.3396814e-01  -2.5395861e-01
  -1.1735568e-01  -1.1735568e-01  -1.1735568e-01  -9.2879503e-01
  -2.6292125e-01  -2.6292125e-01  -2.6292125e-01  -4.0564491e-01
   1.7268968e-01   1.7268968e-01   1.7268968e-01   1.0640196e-01
  -1.8080575e-01  -1.8080575e-01  -1.8080575e-01  -2.3585593e-01
  -4.9529968e-01  -4.9529968e-01  -4.9529968e-01  -9.7243253e-01
  -4.9044429e-01  -4.9044429e-01  -4.9044429e-01  -3.5387685e-01
  -5.0993769e-01  -5.0993769e-01  -5.0993769e-01  -7.0704014e-01
  -4.7588610e-01  -4.7588610e-01  -4.7588610e-01  -9.6409776e-01
   6.2708358e-01   6.2708358e-01   6.2708358e-01   1.4770080e-01
  -8.9023838e-02  -8.9023838e-02  -8.9023838e-02  -2.3185876e-01
  -8.8749754e-01  -8.8749754e-01  -8.8749754e-01  -8.6958679e-01
   5.8707772e-01   5.8707772e-01   5.8707772e-01   2.1118062e-01
   9.2349919e-01   9.2349919e-01   9.2349919e-01  -2.1343942e-01
  -1.4853363e-01  -1.4853363e-01  -1.4853363e-01  -1.8773117e-01
   9.8089612e-02   9.8089612e-02   9.8089612e-02  -6.4017282e-01
  -4.0873292e-01  -4.0873292e-01  -4.0873292e-01  -3.6347540e-01
  -4.4122321e-01  -4.4122321e-01  -4.4122321e-01  -6.2504558e-01
  -4.4862548e-01  -4.4862548e-01  -4.4862548e-01  -1.1740046e+00
  -1.8728025e-01  -1.8728025e-01  -1.8728025e-01  -1.0633257e+00
  -1.9202154e-01  -1.9202154e-01  -1.9202154e-01  -2.4369513e-01
   1.9964570e-01   1.9964570e-01   1.9964570e-01  -4.4859297e-01
  -4.4115219e-01  -4.4115219e-01  -4.4115219e-01  -6.8840016e-01
  -5.2119103e-02  -5.2119103e-02  -5.2119103e-02  -5.6209740e-01
  -4.7642803e-01  -4.7642803e-01  -4.7642803e-01  -5.7104909e-01
  -1.3491841e-02  -1.3491841e-02  -1.3491841e-02  -7.7564439e-01
  -4.0934735e-01  -4.0934735e-01  -4.0934735e-01  -1.1934563e+00
   2.2095156e-03   2.2095156e-03   2.2095156e-03  -2.5166643e-01
   1.1302958e-01   1.1302958e-01   1.1302958e-01   5.2915733e-02
   4.5824783e-01   4.5824783e-01   4.5824783e-01   1.5830295e-01
  -6.7577017e-01  -6.7577017e-01  -6.7577017e-01  -1.1314543e+00
  -2.1214271e-01  -2.1214271e-01  -2.1214271e-01   4.5178687e-02
   6.0868300e-01   6.0868300e-01   6.0868300e-01   5.2452798e-01
  -2.9921762e-01  -2.9921762e-01  -2.9921762e-01  -1.5664661e-01
  -4.2821664e-01  -4.2821664e-01  -4.2821664e-01  -1.0077016e+00
  -2.8655834e-01  -2.8655834e-01  -2.8655834e-01  -5.3201013e-01
  -1.4523385e+00  -8.5211750e-01  -8.6743350e-01  -1.2545975e+00
  -5.2259509e-01  -5.2259509e-01  -5.2259509e-01  -9.9039616e-01
  -4.3007306e-01  -4.3007306e-01  -4.3007306e-01  -6.4882342e-01
  -4.5614463e-01  -4.5614463e-01  -4.5614463e-01  -1.8218762e-01
  -6.2035240e-02  -6.2035240e-02  -6.2035240e-02  -4.1697803e-01
  -3.4539671e-01  -3.4539671e-01  -3.4539671e-01  -2.6313584e-01
  -2.2522153e-01  -2.2522153e-01  -2.2522153e-01  -5.3230225e-03
  -6.5789797e-01  -6.5789797e-01  -6.5789797e-01  -7.0185167e-01
   8.5014910e-01   8.5014910e-01   8.5014910e-01   6.2215640e-01
  -1.9747374e-01  -1.9747374e-01  -1.9747374e-01  -5.4763617e-01
  -5.4674644e-01  -5.4674644e-01  -5.4674644e-01  -8.4045401e-01
  -1.6846606e-01  -1.6846606e-01  -1.6846606e-01  -8.8733242e-01
   5.7101305e-01   5.7101305e-01   5.7101305e-01  -1.3736840e-01
  -2.2390799e-01  -2.2390799e-01  -2.2390799e-01   1.0520529e-01
   4.1376257e-01   4.1376257e-01   4.1376257e-01   1.3919528e-01
  -2.0947229e-01  -2.0947229e-01  -2.0947229e-01  -2.7113481e-01
   1.6981612e-01   1.6981612e-01   1.6981612e-01   5.6443070e-02
  -2.9503683e-01  -2.9503683e-01  -2.9503683e-01   1.1766861e-01
   5.7399631e-01   5.7399631e-01   5.7399631e-01   4.2420790e-01
  -9.5788972e-01  -9.5788972e-01  -9.5788972e-01  -1.2567872e+00
  -6.6063444e-01  -6.6063444e-01  -6.6063444e-01  -1.1085296e+00
   3.5263733e-02   3.5263733e-02   3.5263733e-02   4.2986321e-02
   7.3070257e-02   7.3070257e-02   7.3070257e-02   4.2618857e-02
  -8.1298251e-01  -8.1298251e-01  -8.1298251e-01  -8.9915519e-01
   1.9917179e-01   1.9917179e-01   1.9917179e-01   2.6078066e-01
  -1.1735062e-01  -1.1735062e-01  -1.1735062e-01  -1.1159671e+00
  -8.0404469e-02  -8.0404469e-02  -8.0404469e-02  -6.9787187e-01
   9.4440052e-02   9.4440052e-02   9.4440052e-02  -7.0210904e-01
  -6.8736347e-01  -6.8736347e-01  -6.8736347e-01  -1.4614534e+00
   1.4784539e-02   1.4784539e-02   1.4784539e-02  -2.9931557e-01
   3.7857624e-01   3.7857624e-01   3.7857624e-01  -5.0345062e-01
  -6.4072875e-02  -6.4072875e-02  -6.4072875e-02  -1.7795457e-01
  -2.4277133e-01  -2.4277133e-01  -2.4277133e-01  -1.7306406e-01
   2.9689693e-02   2.9689693e-02   2.9689693e-02  -5.3286938e-01
   1.2484388e+00   1.2484388e+00   1.2484388e+00   6.9195865e-01
   5.1253925e-01   5.1253925e-01   5.1253925e-01  -3.5734115e-01
  -2.0837350e-01  -2.0837350e-01  -2.0837350e-01  -1.5604411e+00
  -3.8410379e-02  -3.8410379e-02  -3.8410379e-02  -1.9138152e-02
   5.1526123e-01   5.1526123e-01   5.1526123e-01   2.9241936e-01
  -6.0775571e-01  -6.0775571e-01  -6.0775571e-01  -9.4560769e-01
  -1.5805455e+00  -1.1957705e+00  -9.2089050e-01  -1.1573685e+00
  -3.7815136e-01  -3.7815136e-01  -3.7815136e-01  -1.0682192e+00
   9.4516397e-02   9.4516397e-02   9.4516397e-02  -5.3700923e-01
  -5.1170697e-01  -5.1170697e-01  -5.1170697e-01  -2.8255061e-01
   5.2320303e-01   5.2320303e-01   5.2320303e-01   4.8734225e-01
   9.6569001e-02   9.6569001e-02   9.6569001e-02  -7.3921736e-01
  -4.6056817e-01  -4.6056817e-01  -4.6056817e-01  -9.6210286e-01
  -2.3681787e-01  -2.3681787e-01  -2.3681787e-01  -4.4545436e-01
  -2.2793901e-01  -2.2793901e-01  -2.2793901e-01  -6.5519896e-01
  -6.2925465e-01  -6.2925465e-01  -6.2925465e-01  -1.3142758e+00
  -2.7756208e-02  -2.7756208e-02  -2.7756208e-02   5.3377141e-01
  -5.8383370e-01  -5.8383370e-01  -5.8383370e-01  -1.1024066e+00
  -1.8152626e-01  -1.8152626e-01  -1.8152626e-01  -1.7117402e-01
  -3.6734295e-01  -3.6734295e-01  -3.6734295e-01  -2.2582202e-01
   7.4313309e-01   7.4313309e-01   7.4313309e-01   3.2575782e-01
   2.3687528e-02   2.3687528e-02   2.3687528e-02   3.1999938e-02
  -5.8287766e-01  -5.8287766e-01  -5.8287766e-01  -7.5480550e-01
  -4.2974899e-01  -4.2974899e-01  -4.2974899e-01  -1.6748637e-01
  -3.6843573e-01  -3.6843573e-01  -3.6843573e-01  -1.0646489e+00
   6.2572371e-01   6.2572371e-01   6.2572371e-01   1.4588283e-01
  -9.6008950e-01  -1.1715645e+00  -1.4523885e+00  -3.4775450e-01
  -8.6687469e-01  -8.6687469e-01  -8.6687469e-01  -3.6556241e-01
  -2.7845980e-01  -2.7845980e-01  -2.7845980e-01  -4.0465485e-01
  -3.2841725e-01  -3.2841725e-01  -3.2841725e-01  -1.0722004e+00
   8.0944370e-02   8.0944370e-02   8.0944370e-02  -4.9479114e-01
   2.0264689e-01   2.0264689e-01   2.0264689e-01   8.4726264e-02
  -8.1679524e-01  -8.1679524e-01  -8.1679524e-01  -1.0884733e+00
   2.8424110e-01   2.8424110e-01   2.8424110e-01   3.9824575e-01
  -2.4966083e-01  -2.4966083e-01  -2.4966083e-01  -1.1152746e+00
  -3.1434606e-01  -3.1434606e-01  -3.1434606e-01  -4.5861444e-01
  -2.8890036e-01  -2.8890036e-01  -2.8890036e-01  -1.4713817e+00
  -6.5941230e-01  -6.5941230e-01  -6.5941230e-01  -1.3552550e+00
  -4.7778722e-03  -4.7778722e-03  -4.7778722e-03  -4.6039190e-01
  -2.2919201e-01  -2.2919201e-01  -2.2919201e-01  -1.1400606e+00
   4.6570957e-01   4.6570957e-01   4.6570957e-01  -1.0808800e-02
  -5.7778907e-01  -5.7778907e-01  -5.7778907e-01  -1.3600229e+00
  -1.1289867e+00  -1.1289867e+00  -1.1289867e+00  -1.8876115e+00
   2.5789845e-01   2.5789845e-01   2.5789845e-01  -4.5309537e-01
  -1.5997277e-01  -1.5997277e-01  -1.5997277e-01  -3.1089896e-01
  -2.3867778e-01  -2.3867778e-01  -2.3867778e-01  -3.8550106e-01
  -1.8860812e-01  -1.8860812e-01  -1.8860812e-01  -2.3597810e-01
  -3.2448752e-01  -3.2448752e-01  -3.2448752e-01  -9.9224258e-01
  -3.3610559e-01  -3.3610559e-01  -3.3610559e-01  -4.0353400e-01
  -1.6695675e-01  -1.6695675e-01  -1.6695675e-01   3.5510432e-03
   1.0973046e-02   1.0973046e-02   1.0973046e-02   1.0440142e-01
   1.9662330e-01   1.9662330e-01   1.9662330e-01  -7.1883410e-01
  -6.2323420e-01  -6.2323420e-01  -6.2323420e-01  -1.3583943e+00
  -4.1476279e-02  -4.1476279e-02  -4.1476279e-02   2.7438870e-01
   3.1233566e-01   3.1233566e-01   3.1233566e-01   2.0164962e-01
   2.7095788e-01   2.7095788e-01   2.7095788e-01  -3.7677131e-01
   6.4881268e-01   6.4881268e-01   6.4881268e-01   4.1185341e-01
  -1.6715955e+00  -1.6737865e+00  -1.5175305e+00  -9.2937350e-01
  -6.5325089e-01  -6.5325089e-01  -6.5325089e-01  -6.5375939e-01
  -1.9412899e-01  -1.9412899e-01  -1.9412899e-01  -6.8972714e-02
  -2.0553674e-01  -2.0553674e-01  -2.0553674e-01  -8.0466098e-02
  -5.8770609e-01  -5.8770609e-01  -5.8770609e-01  -1.0324541e+00
  -5.4155564e-02  -5.4155564e-02  -5.4155564e-02  -5.7998398e-01
  -4.0811723e-01  -4.0811723e-01  -4.0811723e-01  -1.1184862e+00
   2.9401923e-02   2.9401923e-02   2.9401923e-02  -7.8247557e-03
  -7.3722350e-01  -1.1563355e+00  -1.6097545e+00  -9.0302850e-01
  -6.7043947e-01  -6.7043947e-01  -6.7043947e-01  -1.2069661e+00
  -2.9433716e-01  -2.9433716e-01  -2.9433716e-01   3.3407759e-02
   3.7204503e-01   3.7204503e-01   3.7204503e-01   7.3876913e-02
  -8.0299368e-01  -8.0299368e-01  -8.0299368e-01  -8.2396647e-01
   1.6885018e-02   1.6885018e-02   1.6885018e-02  -9.3582002e-01
   5.6034920e-02   5.6034920e-02   5.6034920e-02  -6.8875372e-01
  -1.8488803e-01  -1.8488803e-01  -1.8488803e-01  -7.1831418e-01
  -2.8794098e-01  -2.8794098e-01  -2.8794098e-01  -8.1735373e-01
  -7.6071150e-01  -1.2219095e+00  -7.4358750e-01  -1.3646405e+00
  -3.7519773e-01  -3.7519773e-01  -3.7519773e-01  -1.2167722e+00
   6.8181714e-01   6.8181714e-01   6.8181714e-01   6.1521487e-01
  -5.8941901e-01  -5.8941901e-01  -5.8941901e-01  -5.9891555e-01
  -9.9743867e-02  -9.9743867e-02  -9.9743867e-02  -3.9212726e-01
  -4.2730746e-01  -4.2730746e-01  -4.2730746e-01  -2.4784123e-01
  -3.9714276e-01  -3.9714276e-01  -3.9714276e-01  -1.3008515e+00
  -8.1381401e-02  -8.1381401e-02  -8.1381401e-02  -1.0571483e+00
   3.8865703e-02   3.8865703e-02   3.8865703e-02  -6.5541589e-01
  -5.2593271e-01  -5.2593271e-01  -5.2593271e-01  -5.8110263e-01
   1.0022673e-01   1.0022673e-01   1.0022673e-01   1.7488088e-01
  -1.3591590e-01  -1.3591590e-01  -1.3591590e-01   3.0722986e-02
  -7.9443299e-02  -7.9443299e-02  -7.9443299e-02   2.5650452e-01
  -3.5557269e-01  -3.5557269e-01  -3.5557269e-01  -1.4188599e+00
  -1.1525046e-01  -1.1525046e-01  -1.1525046e-01   2.3343973e-01
  -3.3018206e-01  -3.3018206e-01  -3.3018206e-01  -6.6036035e-02
   1.0166282e-01   1.0166282e-01   1.0166282e-01  -9.3632823e-01
  -9.2022450e-01  -1.2496935e+00  -1.1622315e+00  -5.5153450e-01
  -6.4437826e-01  -6.4437826e-01  -6.4437826e-01  -5.6620011e-01
  -8.5075557e-02  -8.5075557e-02  -8.5075557e-02   1.8008624e-01
  -9.8409281e-02  -9.8409281e-02  -9.8409281e-02   9.4091770e-02
  -3.8076053e-02  -3.8076053e-02  -3.8076053e-02  -1.0245944e+00
  -1.7218762e-01  -1.7218762e-01  -1.7218762e-01  -3.6135101e-01
  -2.6308038e-01  -2.6308038e-01  -2.6308038e-01   1.3479549e-01
   3.2314200e-01   3.2314200e-01   3.2314200e-01   2.0921265e-01
  -6.5447417e-01  -6.5447417e-01  -6.5447417e-01  -7.3413908e-01
  -5.2937470e-01  -5.2937470e-01  -5.2937470e-01   1.8349816e-01
  -4.3413524e-01  -4.3413524e-01  -4.3413524e-01  -4.0903824e-01
  -1.0959610e+00  -1.0959610e+00  -1.0959610e+00  -5.3441127e-01
  -1.0494355e+00  -1.4571875e+00  -1.3113865e+00  -6.9335150e-01
  -2.2020384e-01  -2.2020384e-01  -2.2020384e-01  -3.7452424e-01
  -2.6964432e-01  -2.6964432e-01  -2.6964432e-01  -4.0581912e-02
   1.2461620e-01   1.2461620e-01   1.2461620e-01  -1.2825990e+00
   8.2446792e-01   8.2446792e-01   8.2446792e-01  -2.7445399e-02
  -5.5531257e-01  -5.5531257e-01  -5.5531257e-01   7.3099751e-02
  -1.1799660e-01  -1.1799660e-01  -1.1799660e-01  -6.9096100e-01
   1.5046437e-01   1.5046437e-01   1.5046437e-01   3.0041101e-01
  -2.2299814e-02  -2.2299814e-02  -2.2299814e-02  -6.4677122e-01
   3.2638221e-01   3.2638221e-01   3.2638221e-01  -4.2517381e-02
  -9.7893150e-01  -1.0316875e+00  -6.1952950e-01  -1.2192135e+00
   1.7111470e-01   1.7111470e-01   1.7111470e-01  -1.3440770e-01
  -1.6705111e-01  -1.6705111e-01  -1.6705111e-01  -5.1596132e-01
  -1.0533435e+00  -1.0533435e+00  -1.0533435e+00  -1.6155350e+00
  -6.5377894e-01  -6.5377894e-01  -6.5377894e-01  -1.0226120e+00
  -3.0191087e-01  -3.0191087e-01  -3.0191087e-01  -6.8257188e-01
  -1.9012347e-01  -1.9012347e-01  -1.9012347e-01  -4.9426016e-01
   6.9500796e-02   6.9500796e-02   6.9500796e-02  -7.2123498e-02
  -4.1820171e-02  -4.1820171e-02  -4.1820171e-02  -8.2220435e-01
   4.4787336e-01   4.4787336e-01   4.4787336e-01   5.1403228e-01
  -1.5280569e-02  -1.5280569e-02  -1.5280569e-02  -6.5941163e-01
  -4.0168995e-02  -4.0168995e-02  -4.0168995e-02  -1.1845109e+00
   4.9362845e-01   4.9362845e-01   4.9362845e-01  -9.8945173e-02
  -3.5000071e-01  -3.5000071e-01  -3.5000071e-01  -5.0666248e-01
  -5.7929241e-01  -5.7929241e-01  -5.7929241e-01  -1.2956715e+00
  -9.5583740e-01  -9.5583740e-01  -9.5583740e-01  -1.0283436e+00
  -2.5705123e-01  -2.5705123e-01  -2.5705123e-01  -6.1909726e-01
  -5.7611521e-01  -5.7611521e-01  -5.7611521e-01  -7.5098547e-01
  -3.7670194e-01  -3.7670194e-01  -3.7670194e-01  -4.8064710e-01
   3.7313800e-01   3.7313800e-01   3.7313800e-01   7.0307381e-03
  -3.1542400e-01  -3.1542400e-01  -3.1542400e-01  -5.3945111e-01
  -5.0805171e-01  -5.0805171e-01  -5.0805171e-01  -9.9330157e-01
   5.5922494e-01   5.5922494e-01   5.5922494e-01  -1.5581184e-01
   1.2623884e-01   1.2623884e-01   1.2623884e-01   2.1316415e-01
   4.4411779e-01   4.4411779e-01   4.4411779e-01   2.3694334e-01
   1.7899972e-01   1.7899972e-01   1.7899972e-01  -9.7301981e-01
   4.0925828e-01   4.0925828e-01   4.0925828e-01   5.0970110e-02
  -4.6485672e-01  -4.6485672e-01  -4.6485672e-01  -7.3493771e-01
  -3.4786552e-01  -3.4786552e-01  -3.4786552e-01  -2.8662244e-01
   3.2177137e-01   3.2177137e-01   3.2177137e-01  -2.1996360e-02
   2.5696232e-01   2.5696232e-01   2.5696232e-01   4.6058629e-01
  -3.6967140e-01  -3.6967140e-01  -3.6967140e-01  -3.9616314e-01
  -1.4415815e+00  -7.1486850e-01  -9.8368050e-01  -5.3065750e-01
  -6.5928389e-01  -6.5928389e-01  -6.5928389e-01  -7.4064860e-01
   5.8620028e-01   5.8620028e-01   5.8620028e-01   6.1935630e-01
  -6.4877706e-01  -6.4877706e-01  -6.4877706e-01  -8.4979902e-01
   1.7183190e-01   1.7183190e-01   1.7183190e-01  -6.7559973e-01
   7.1053809e-01   7.1053809e-01   7.1053809e-01   7.5237353e-01
  -8.3757350e-01  -9.5265550e-01  -1.1577865e+00  -5.6258950e-01
  -5.6031115e-02  -5.6031115e-02  -5.6031115e-02   2.8084005e-02
   4.9511988e-02   4.9511988e-02   4.9511988e-02  -8.9141656e-01
  -1.9920478e-02  -1.9920478e-02  -1.9920478e-02  -3.1657169e-01
  -3.0028088e-01  -3.0028088e-01  -3.0028088e-01  -4.2906213e-01
  -2.0701531e-01  -2.0701531e-01  -2.0701531e-01  -8.0228258e-01
  -3.1644149e-01  -3.1644149e-01  -3.1644149e-01  -2.7441904e-01
  -2.0423537e-01  -2.0423537e-01  -2.0423537e-01  -6.6970875e-01
  -3.7364472e-02  -3.7364472e-02  -3.7364472e-02  -4.5479332e-02
  -2.6505031e-01  -2.6505031e-01  -2.6505031e-01  -3.8619689e-01
  -6.2261399e-01  -6.2261399e-01  -6.2261399e-01  -1.2935135e+00
  -3.7813172e-01  -3.7813172e-01  -3.7813172e-01  -7.4756758e-01
  -1.9061518e-01  -1.9061518e-01  -1.9061518e-01  -6.1794033e-01
  -8.9151525e-01  -8.9151525e-01  -8.9151525e-01  -9.5317118e-01
  -4.4063544e-01  -4.4063544e-01  -4.4063544e-01  -9.8351939e-02
  -3.9788519e-01  -3.9788519e-01  -3.9788519e-01  -1.6043756e+00
   1.1547757e-01   1.1547757e-01   1.1547757e-01  -6.5945265e-01
   4.2865421e-01   4.2865421e-01   4.2865421e-01  -7.8204839e-02
  -2.0409285e+00  -1.3025695e+00  -8.7126250e-01  -1.0531805e+00
  -6.1416022e-01  -6.1416022e-01  -6.1416022e-01  -7.9924215e-01
  -1.5377710e-01  -1.5377710e-01  -1.5377710e-01  -3.1089378e-01
  -3.4723485e-01  -3.4723485e-01  -3.4723485e-01  -1.0863385e+00
   6.6791510e-02   6.6791510e-02   6.6791510e-02  -1.1125035e+00
  -1.4160918e-02  -1.4160918e-02  -1.4160918e-02   9.3011032e-02
  -1.4825979e-01  -1.4825979e-01  -1.4825979e-01  -1.5523964e-01
   1.9603455e-01   1.9603455e-01   1.9603455e-01  -9.5235129e-01
  -3.1044013e-01  -3.1044013e-01  -3.1044013e-01   2.9235087e-02
   1.5922502e-02   1.5922502e-02   1.5922502e-02  -1.6760053e-01
  -8.5242892e-02  -8.5242892e-02  -8.5242892e-02  -1.1354354e+00
  -1.4870162e-01  -1.4870162e-01  -1.4870162e-01  -2.6361861e-01
  -6.9365533e-02  -6.9365533e-02  -6.9365533e-02  -3.5465253e-01
   6.9554969e-01   6.9554969e-01   6.9554969e-01   2.7964691e-01
   3.5380921e-01   3.5380921e-01   3.5380921e-01  -5.3320382e-01
   6.9993981e-01   6.9993981e-01   6.9993981e-01   4.2373485e-01
  -8.7528115e-02  -8.7528115e-02  -8.7528115e-02  -4.6413541e-01
  -1.5562945e-01  -1.5562945e-01  -1.5562945e-01  -1.0860190e+00
  -5.8817612e-03  -5.8817612e-03  -5.8817612e-03  -2.1800274e-01
  -6.5985851e-01  -6.5985851e-01  -6.5985851e-01  -5.3268832e-02
  -1.0096112e+00  -1.0096112e+00  -1.0096112e+00  -7.9281627e-01
  -7.9129455e-01  -7.9129455e-01  -7.9129455e-01  -8.2368605e-01
  -5.8833850e-01  -5.9784550e-01  -7.0412750e-01  -8.7533850e-01
  -8.2713256e-02  -8.2713256e-02  -8.2713256e-02  -1.8324751e-01
  -5.5358465e-01  -5.5358465e-01  -5.5358465e-01  -5.4965960e-01
   2.2717847e-01   2.2717847e-01   2.2717847e-01   5.6441014e-03
  -9.9639529e-02  -9.9639529e-02  -9.9639529e-02  -4.1996166e-01
  -7.3584020e-01  -7.3584020e-01  -7.3584020e-01  -9.1727321e-01
  -2.6616504e-01  -2.6616504e-01  -2.6616504e-01   2.0314997e-01
   2.3948398e-01   2.3948398e-01   2.3948398e-01  -6.8161825e-01
   9.5475548e-02   9.5475548e-02   9.5475548e-02  -8.3316519e-01
  -4.8645869e-01  -4.8645869e-01  -4.8645869e-01   2.1920280e-01
  -7.2820080e-02  -7.2820080e-02  -7.2820080e-02  -4.0425692e-01
  -8.7342295e-01  -8.7342295e-01  -8.7342295e-01  -1.9237694e+00
  -1.3393593e-01  -1.3393593e-01  -1.3393593e-01  -2.1170144e-01
  -4.1042027e-01  -4.1042027e-01  -4.1042027e-01  -1.1253022e+00
  -2.6205579e-01  -2.6205579e-01  -2.6205579e-01  -3.8504884e-01
  -8.4144491e-01  -8.4144491e-01  -8.4144491e-01  -1.3075610e+00
   6.2364623e-02   6.2364623e-02   6.2364623e-02   2.6850600e-01
   1.1289616e+00   1.1289616e+00   1.1289616e+00   5.7649071e-01
  -6.3843189e-01  -6.3843189e-01  -6.3843189e-01  -2.7737294e-01
  -2.1032660e-01  -2.1032660e-01  -2.1032660e-01  -8.4929484e-01
   6.6989536e-01   6.6989536e-01   6.6989536e-01   7.4065206e-01
  -4.5425224e-01  -4.5425224e-01  -4.5425224e-01  -3.0917015e-01
  -3.3891059e-01  -3.3891059e-01  -3.3891059e-01  -4.6256817e-01
   3.7603117e-01   3.7603117e-01   3.7603117e-01   6.5786213e-01
   2.4913948e-01   2.4913948e-01   2.4913948e-01  -2.2176131e-01
  -5.7451633e-01  -5.7451633e-01  -5.7451633e-01  -1.3128716e+00
  -5.1006896e-01  -5.1006896e-01  -5.1006896e-01  -2.2933273e-01
  -3.8139887e-01  -3.8139887e-01  -3.8139887e-01  -3.7756246e-01
  -2.9080079e-01  -2.9080079e-01  -2.9080079e-01  -6.8190734e-01
   1.2875931e+00   1.2875931e+00   1.2875931e+00   3.0498203e-01
  -1.2976996e-01  -1.2976996e-01  -1.2976996e-01  -9.5630722e-01
   4.9198259e-01   4.9198259e-01   4.9198259e-01  -2.3201653e-01
  -2.3460146e-01  -2.3460146e-01  -2.3460146e-01  -2.2047724e-01
  -8.4424867e-01  -8.4424867e-01  -8.4424867e-01  -9.7329170e-01
  -5.6852918e-01  -5.6852918e-01  -5.6852918e-01  -1.1979098e+00
  -6.2856602e-01  -6.2856602e-01  -6.2856602e-01  -1.1320295e+00
  -1.6958645e-01  -1.6958645e-01  -1.6958645e-01  -1.2412495e-01
  -3.3138662e-01  -3.3138662e-01  -3.3138662e-01  -4.7926044e-01
  -7.9696236e-02  -7.9696236e-02  -7.9696236e-02  -7.5403526e-01
  -6.5164085e-01  -6.5164085e-01  -6.5164085e-01  -8.0021786e-01
  -1.5517595e-01  -1.5517595e-01  -1.5517595e-01   1.0033589e-01
  -2.8766885e-01  -2.8766885e-01  -2.8766885e-01  -5.8901163e-01
  -1.1993560e+00  -1.1993560e+00  -1.1993560e+00  -1.2351862e+00
  -5.4540412e-01  -5.4540412e-01  -5.4540412e-01  -9.8818368e-01
  -6.4572230e-01  -6.4572230e-01  -6.4572230e-01  -2.0287100e-01
  -2.9627037e-01  -2.9627037e-01  -2.9627037e-01  -7.3734198e-01
   6.6261842e-02   6.6261842e-02   6.6261842e-02  -4.1319552e-01
  -1.0419225e+00  -9.2633350e-01  -1.3294325e+00  -5.4099550e-01
  -1.8822165e-01  -1.8822165e-01  -1.8822165e-01  -4.6926793e-01
   6.9807117e-02   6.9807117e-02   6.9807117e-02  -2.5046251e-01
  -2.2490483e-01  -2.2490483e-01  -2.2490483e-01  -2.4613133e-01
   5.0213414e-01   5.0213414e-01   5.0213414e-01   7.8673699e-01
  -6.0273829e-03  -6.0273829e-03  -6.0273829e-03  -1.4689570e-01
  -5.0885719e-02  -5.0885719e-02  -5.0885719e-02  -7.6211949e-01
  -3.5861120e-01  -3.5861120e-01  -3.5861120e-01  -1.4653581e+00
   1.5776393e-01   1.5776393e-01   1.5776393e-01  -6.2369306e-02
  -4.2822786e-01  -4.2822786e-01  -4.2822786e-01  -9.2027458e-01
  -2.5159966e-01  -2.5159966e-01  -2.5159966e-01  -1.4091274e+00
   4.5168707e-02   4.5168707e-02   4.5168707e-02   2.4077606e-01
   6.2981438e-01   6.2981438e-01   6.2981438e-01   1.6251771e-01
   3.2832454e-01   3.2832454e-01   3.2832454e-01   5.1004343e-01
  -6.4852787e-01  -6.4852787e-01  -6.4852787e-01  -1.2757723e+00
  -6.6247306e-01  -6.6247306e-01  -6.6247306e-01  -7.1026041e-01
  -2.2461296e-01  -2.2461296e-01  -2.2461296e-01  -6.4980505e-01
  -3.3754926e-01  -3.3754926e-01  -3.3754926e-01  -5.2768175e-02
  -3.4742416e-01  -3.4742416e-01  -3.4742416e-01  -9.4743795e-01
  -3.0514513e-01  -3.0514513e-01  -3.0514513e-01  -5.5917452e-01
  -7.1280440e-01  -7.1280440e-01  -7.1280440e-01  -9.9279422e-01
  -1.0563405e+00  -1.0940665e+00  -3.1833250e-01  -1.3230345e+00
  -1.1742860e+00  -1.1742860e+00  -1.1742860e+00  -8.5158641e-01
  -5.2002738e-01  -5.2002738e-01  -5.2002738e-01  -4.2694167e-01
  -3.7697321e-02  -3.7697321e-02  -3.7697321e-02   2.7519317e-01
  -5.4364282e-01  -5.4364282e-01  -5.4364282e-01  -9.3104003e-01
  -1.7723382e-01  -1.7723382e-01  -1.7723382e-01  -1.5826503e+00
  -5.2193179e-01  -5.2193179e-01  -5.2193179e-01  -9.2688762e-01
  -2.5222603e-02  -2.5222603e-02  -2.5222603e-02   3.6192695e-01
   7.8186210e-02   7.8186210e-02   7.8186210e-02  -3.8516888e-01
   2.5984083e-01   2.5984083e-01   2.5984083e-01  -7.5502893e-01
  -5.1956329e-02  -5.1956329e-02  -5.1956329e-02  -5.5701373e-01
   7.8053632e-02   7.8053632e-02   7.8053632e-02   4.7389582e-01
  -1.8768628e-01  -1.8768628e-01  -1.8768628e-01  -3.6965918e-01
   1.4877389e-01   1.4877389e-01   1.4877389e-01   1.1794354e-01
  -5.4795876e-01  -5.4795876e-01  -5.4795876e-01  -5.7472672e-01
  -2.0606677e-01  -2.0606677e-01  -2.0606677e-01  -3.3279595e-01
  -1.3982090e-01  -1.3982090e-01  -1.3982090e-01  -3.6617585e-05
   2.5619180e-01   2.5619180e-01   2.5619180e-01   4.8345143e-02
  -1.1420055e+00  -1.1420055e+00  -1.1420055e+00  -1.4679631e+00
  -3.1370181e-01  -3.1370181e-01  -3.1370181e-01  -2.0839808e-01
  -1.0293114e+00  -1.0293114e+00  -1.0293114e+00  -1.0841909e+00
  -4.0365253e-01  -4.0365253e-01  -4.0365253e-01  -3.2990763e-01
  -4.5459723e-01  -4.5459723e-01  -4.5459723e-01  -1.5051691e+00
  -5.3852993e-01  -5.3852993e-01  -5.3852993e-01  -5.9978132e-01
  -2.6523059e-01  -2.6523059e-01  -2.6523059e-01  -3.0776516e-01
  -9.5556638e-01  -9.5556638e-01  -9.5556638e-01  -9.0497852e-01
  -9.3166650e-01  -1.1025615e+00  -1.0768335e+00  -7.5742450e-01
   4.9310787e-03   4.9310787e-03   4.9310787e-03  -1.3631782e-02
  -7.0112721e-01  -7.0112721e-01  -7.0112721e-01  -5.5242454e-01
   9.7903922e-02   9.7903922e-02   9.7903922e-02  -5.0458907e-01
  -7.3796155e-01  -7.3796155e-01  -7.3796155e-01  -8.9763410e-01
  -7.5043967e-01  -7.5043967e-01  -7.5043967e-01  -1.3020626e+00
  -1.0552125e+00  -1.2880825e+00  -1.2528735e+00  -1.4487225e+00
   1.3672699e-01   1.3672699e-01   1.3672699e-01  -5.4409908e-01
  -2.0766641e+00  -2.0766641e+00  -2.0766641e+00  -1.4775237e+00
   6.0028755e-02   6.0028755e-02   6.0028755e-02  -5.6455081e-01
  -1.3323233e-01  -1.3323233e-01  -1.3323233e-01  -3.7352965e-01
  -1.2036771e-01  -1.2036771e-01  -1.2036771e-01  -8.4109243e-01
  -1.4184917e-01  -1.4184917e-01  -1.4184917e-01  -3.2700977e-01
  -2.9140968e-01  -2.9140968e-01  -2.9140968e-01  -2.9053830e-01
  -8.9645822e-02  -8.9645822e-02  -8.9645822e-02  -5.1810707e-01
   1.7077983e-01   1.7077983e-01   1.7077983e-01  -3.4250309e-01
  -3.6572326e-01  -3.6572326e-01  -3.6572326e-01  -9.8211056e-01
  -2.8371923e-01  -2.8371923e-01  -2.8371923e-01  -3.1773122e-01
   6.9550573e-01   6.9550573e-01   6.9550573e-01  -1.8736458e-02
  -5.2276633e-01  -5.2276633e-01  -5.2276633e-01  -8.8925114e-01
  -2.2650562e-01  -2.2650562e-01  -2.2650562e-01  -5.2302062e-01
   6.8616019e-02   6.8616019e-02   6.8616019e-02   1.2494372e-01
   7.0542695e-01   7.0542695e-01   7.0542695e-01   7.1663578e-01
  -1.4081962e+00  -1.4081962e+00  -1.4081962e+00  -1.4427773e+00
  -3.4090761e-01  -3.4090761e-01  -3.4090761e-01  -9.1027955e-01
  -2.4117679e-01  -2.4117679e-01  -2.4117679e-01  -5.2315793e-01
   2.2884600e-01   2.2884600e-01   2.2884600e-01  -6.7397723e-01
   1.0059821e-02   1.0059821e-02   1.0059821e-02  -7.6745321e-01
  -8.6727950e-01  -1.2620245e+00  -9.1561050e-01  -1.4954535e+00
   4.7339356e-01   4.7339356e-01   4.7339356e-01  -6.2080198e-01
  -8.4326224e-02  -8.4326224e-02  -8.4326224e-02  -7.8258650e-01
   1.0506026e-01   1.0506026e-01   1.0506026e-01   4.7634877e-01
  -3.0957090e-01  -3.0957090e-01  -3.0957090e-01  -4.7162918e-01
  -5.4283870e-01  -5.4283870e-01  -5.4283870e-01  -1.4304756e+00
   9.1871871e-02   9.1871871e-02   9.1871871e-02   5.8440637e-01
   2.0886653e-01   2.0886653e-01   2.0886653e-01  -4.7037568e-01
  -1.0724204e+00  -1.0724204e+00  -1.0724204e+00  -8.7394364e-01
  -2.8504657e-01  -2.8504657e-01  -2.8504657e-01  -6.6569977e-01
  -1.3279594e+00  -1.3279594e+00  -1.3279594e+00  -1.0008757e+00
   4.9935999e-02   4.9935999e-02   4.9935999e-02  -7.1205157e-01
   7.5373937e-02   7.5373937e-02   7.5373937e-02   1.1172870e-01
  -2.5745083e-01  -2.5745083e-01  -2.5745083e-01  -5.3761876e-01
  -3.7030391e-02  -3.7030391e-02  -3.7030391e-02   2.0916852e-01
  -2.2233837e-01  -2.2233837e-01  -2.2233837e-01  -3.5193015e-01
  -5.0484361e-01  -5.0484361e-01  -5.0484361e-01  -1.3284484e+00
   4.4188313e-01   4.4188313e-01   4.4188313e-01  -1.0610621e-01
  -8.3144602e-01  -8.3144602e-01  -8.3144602e-01  -5.5888657e-01
  -7.3655980e-02  -7.3655980e-02  -7.3655980e-02  -9.7952121e-01
  -7.4807250e-01  -8.5486750e-01  -7.5649950e-01  -9.9713550e-01
  -3.4261875e-01  -3.4261875e-01  -3.4261875e-01  -1.8950935e-01
  -1.5819545e-01  -1.5819545e-01  -1.5819545e-01  -7.7533815e-01
  -1.6361513e-01  -1.6361513e-01  -1.6361513e-01  -1.2325042e-01
  -6.1191590e-01  -6.1191590e-01  -6.1191590e-01  -1.1642293e+00
  -3.8611776e-01  -3.8611776e-01  -3.8611776e-01  -7.7678398e-01
  -6.7003019e-01  -6.7003019e-01  -6.7003019e-01  -8.1863840e-01
  -2.0186126e-01  -2.0186126e-01  -2.0186126e-01  -4.5794978e-02
   1.1317888e-01   1.1317888e-01   1.1317888e-01  -9.0033608e-01
  -4.8979157e-01  -4.8979157e-01  -4.8979157e-01  -5.5890961e-01
  -8.1381776e-02  -8.1381776e-02  -8.1381776e-02  -4.7473833e-01
  -8.3887556e-01  -8.3887556e-01  -8.3887556e-01  -5.5665874e-01
  -2.0641003e-01  -2.0641003e-01  -2.0641003e-01  -3.3801975e-01
   1.7046682e-01   1.7046682e-01   1.7046682e-01   2.5070243e-01
  -3.1010017e-01  -3.1010017e-01  -3.1010017e-01  -8.5279532e-01
  -1.2469655e+00  -1.1686035e+00  -1.1107255e+00  -1.7424435e+00
   3.9338643e-01   3.9338643e-01   3.9338643e-01  -9.4198694e-01
  -1.0734162e-01  -1.0734162e-01  -1.0734162e-01  -9.9101717e-01
  -8.4804660e-01  -8.4804660e-01  -8.4804660e-01  -4.5831074e-01
  -3.3514798e-01  -3.3514798e-01  -3.3514798e-01  -3.8175105e-01
   1.1211363e-01   1.1211363e-01   1.1211363e-01  -1.8186823e-01
  -1.9066285e-01  -1.9066285e-01  -1.9066285e-01  -6.9415470e-01
  -3.6261359e-01  -3.6261359e-01  -3.6261359e-01   4.0080538e-02
  -7.2496310e-01  -7.2496310e-01  -7.2496310e-01  -1.3034625e+00
  -6.1776296e-02  -6.1776296e-02  -6.1776296e-02  -3.5927250e-01
   5.6840199e-02   5.6840199e-02   5.6840199e-02  -2.1768300e-02
  -1.9649604e-01  -1.9649604e-01  -1.9649604e-01  -6.4146411e-01
  -9.6482650e-01  -1.0795575e+00  -6.8569150e-01  -1.2880765e+00
  -5.7302590e-01  -5.7302590e-01  -5.7302590e-01  -7.4584919e-01
  -2.9607673e-01  -2.9607673e-01  -2.9607673e-01  -5.7319780e-01
  -6.2202706e-01  -6.2202706e-01  -6.2202706e-01  -7.8910151e-01
  -3.2301429e-01  -3.2301429e-01  -3.2301429e-01  -5.7132752e-01
  -6.5194107e-03  -6.5194107e-03  -6.5194107e-03   4.0790716e-01
   9.3774807e-02   9.3774807e-02   9.3774807e-02  -8.3802149e-01
  -1.2170380e-01  -1.2170380e-01  -1.2170380e-01  -6.1186357e-01
   6.4297879e-01   6.4297879e-01   6.4297879e-01   5.1002671e-01
  -4.4497169e-01  -4.4497169e-01  -4.4497169e-01  -9.4566912e-01
  -1.1114772e-01  -1.1114772e-01  -1.1114772e-01  -5.5323195e-02
  -6.6968656e-01  -6.6968656e-01  -6.6968656e-01  -9.1416587e-01
  -3.4791649e-01  -3.4791649e-01  -3.4791649e-01  -5.3494043e-01
  -6.7951110e-01  -6.7951110e-01  -6.7951110e-01  -1.2287755e+00
  -3.0175589e-01  -3.0175589e-01  -3.0175589e-01  -4.6804357e-01
  -1.2510180e-01  -1.2510180e-01  -1.2510180e-01  -1.3058885e-01
   6.3570568e-01   6.3570568e-01   6.3570568e-01   5.6394004e-01
  -5.5579199e-01  -5.5579199e-01  -5.5579199e-01  -1.0781475e+00
   1.1316636e-01   1.1316636e-01   1.1316636e-01  -6.9538793e-01
  -5.4943879e-01  -5.4943879e-01  -5.4943879e-01  -1.5704378e+00
   7.8472481e-01   7.8472481e-01   7.8472481e-01   1.1537311e-01
  -1.2419970e-01  -1.2419970e-01  -1.2419970e-01  -8.3828916e-01
  -3.6624489e-02  -3.6624489e-02  -3.6624489e-02   7.1978719e-02
  -2.1306672e-02  -2.1306672e-02  -2.1306672e-02  -1.7253500e-01
  -9.9434401e-01  -9.9434401e-01  -9.9434401e-01  -1.4366424e+00
  -1.2422273e-01  -1.2422273e-01  -1.2422273e-01  -8.3443519e-01
   4.3872010e-01   4.3872010e-01   4.3872010e-01   1.6757306e-01
  -5.5858176e-01  -5.5858176e-01  -5.5858176e-01  -1.2681296e+00
  -3.6336255e-02  -3.6336255e-02  -3.6336255e-02  -3.7342660e-01
  -9.6863969e-03  -9.6863969e-03  -9.6863969e-03  -8.6873861e-01
  -1.1487863e-01  -1.1487863e-01  -1.1487863e-01  -3.9165482e-01
   3.7220117e-01   3.7220117e-01   3.7220117e-01  -3.2022211e-01
   6.7244565e-01   6.7244565e-01   6.7244565e-01   4.6308451e-01
  -7.2773639e-02  -7.2773639e-02  -7.2773639e-02  -1.1551747e+00
  -1.5479233e-01  -1.5479233e-01  -1.5479233e-01   1.6555986e-01
   4.6153590e-01   4.6153590e-01   4.6153590e-01  -8.3992658e-02
   4.3266275e-03   4.3266275e-03   4.3266275e-03  -3.3248933e-02
  -9.9015546e-02  -9.9015546e-02  -9.9015546e-02  -1.0472761e+00
   7.1045793e-01   7.1045793e-01   7.1045793e-01   1.1141507e-01
  -1.0078234e+00  -1.0078234e+00  -1.0078234e+00  -7.9666523e-01
  -4.1798954e-01  -4.1798954e-01  -4.1798954e-01  -6.3416038e-01
   5.2478732e-03   5.2478732e-03   5.2478732e-03   1.8172884e-01
  -3.8600671e-02  -3.8600671e-02  -3.8600671e-02   2.7503899e-01
  -9.6447176e-01  -9.6447176e-01  -9.6447176e-01  -1.0325346e+00
   5.7064750e-01   5.7064750e-01   5.7064750e-01   1.9516388e-01
  -6.2373216e-01  -6.2373216e-01  -6.2373216e-01  -1.1919284e+00
  -9.6810450e-01  -1.0983445e+00  -7.9155950e-01  -9.9409350e-01
  -2.6263426e-01  -2.6263426e-01  -2.6263426e-01  -2.3661571e-01
  -6.4739958e-01  -6.4739958e-01  -6.4739958e-01  -1.2201615e+00
   2.0008423e-01   2.0008423e-01   2.0008423e-01  -1.3416015e+00
  -1.0362743e-01  -1.0362743e-01  -1.0362743e-01  -1.2463719e-01
  -2.0249726e-01  -2.0249726e-01  -2.0249726e-01   1.1679080e-01
  -2.3936148e-01  -2.3936148e-01  -2.3936148e-01  -6.0683603e-01
  -2.9148144e-01  -2.9148144e-01  -2.9148144e-01  -9.4669003e-01
  -7.4790537e-01  -7.4790537e-01  -7.4790537e-01  -9.1722487e-01
   1.6140940e-01   1.6140940e-01   1.6140940e-01   5.3393416e-01
   4.1476529e-01   4.1476529e-01   4.1476529e-01   7.5538530e-01
  -2.3254977e-01  -2.3254977e-01  -2.3254977e-01  -8.9176770e-01
  -1.3598729e-02  -1.3598729e-02  -1.3598729e-02  -3.8962190e-01
  -3.5639323e-01  -3.5639323e-01  -3.5639323e-01  -4.2323470e-01
  -4.7611688e-01  -4.7611688e-01  -4.7611688e-01  -5.7365346e-01
   2.6583280e-01   2.6583280e-01   2.6583280e-01   2.0089222e-01
  -4.4984732e-01  -4.4984732e-01  -4.4984732e-01  -1.0434096e+00
  -4.8472201e-01  -4.8472201e-01  -4.8472201e-01  -1.2210425e+00
   2.4204677e-01   2.4204677e-01   2.4204677e-01  -3.4119213e-01
  -3.8428491e-01  -3.8428491e-01  -3.8428491e-01  -3.2955526e-01
  -7.3696039e-01  -7.3696039e-01  -7.3696039e-01  -6.1340526e-01
  -7.3359646e-01  -7.3359646e-01  -7.3359646e-01  -8.9619101e-01
  -1.5316161e-02  -1.5316161e-02  -1.5316161e-02  -6.1892595e-01
  -1.4523385e+00  -8.5211750e-01  -8.6743350e-01  -1.2545975e+00
  -5.2552488e-01  -5.2552488e-01  -5.2552488e-01  -3.5714433e-01
   2.2044725e-01   2.2044725e-01   2.2044725e-01  -5.6785667e-01
  -2.1158722e-01  -2.1158722e-01  -2.1158722e-01   5.0554851e-02
  -8.3177394e-01  -8.3177394e-01  -8.3177394e-01  -1.2475361e+00
  -1.0102545e+00  -1.0683865e+00  -1.7282405e+00  -6.1335550e-01
   3.5320067e-01   3.5320067e-01   3.5320067e-01   2.4255904e-02
  -1.6493223e-01  -1.6493223e-01  -1.6493223e-01  -2.2330054e-01
  -4.5503140e-01  -4.5503140e-01  -4.5503140e-01  -1.6154910e+00
  -1.2964465e+00  -1.0607965e+00  -5.4033250e-01  -1.4814915e+00
   3.1741905e-01   3.1741905e-01   3.1741905e-01   1.2731408e-01
   2.3128308e-02   2.3128308e-02   2.3128308e-02  -2.0196493e-01
  -3.1550699e-01  -3.1550699e-01  -3.1550699e-01  -6.7800299e-01
  -9.6100929e-01  -9.6100929e-01  -9.6100929e-01  -5.3473376e-01
   4.4344962e-01   4.4344962e-01   4.4344962e-01   7.5206057e-01
   3.4038538e-01   3.4038538e-01   3.4038538e-01   5.6259333e-01
   1.3029921e-02   1.3029921e-02   1.3029921e-02  -1.1602053e-01
   5.9218191e-01   5.9218191e-01   5.9218191e-01   4.9497054e-01
   2.7438806e-02   2.7438806e-02   2.7438806e-02  -2.4000744e-01
  -2.6628242e-01  -2.6628242e-01  -2.6628242e-01  -1.0169352e-01
  -2.9715614e-01  -2.9715614e-01  -2.9715614e-01  -1.3011255e+00
  -9.4978183e-01  -9.4978183e-01  -9.4978183e-01  -1.2652785e+00
  -5.7587774e-01  -5.7587774e-01  -5.7587774e-01  -1.5652393e+00
  -6.3539724e-02  -6.3539724e-02  -6.3539724e-02  -9.3505305e-01
  -8.6296247e-01  -8.6296247e-01  -8.6296247e-01  -1.2751953e+00
  -2.0989728e-01  -2.0989728e-01  -2.0989728e-01  -1.5260248e+00
   1.0703076e+00   1.0703076e+00   1.0703076e+00   2.4312883e-01
  -5.6202310e-01  -5.6202310e-01  -5.6202310e-01  -9.5962256e-01
  -5.2345411e-01  -5.2345411e-01  -5.2345411e-01  -6.1520306e-01
  -4.2035375e-01  -4.2035375e-01  -4.2035375e-01  -1.1631754e+00
  -1.7484925e-01  -1.7484925e-01  -1.7484925e-01  -9.8754030e-01
  -3.4863305e-01  -3.4863305e-01  -3.4863305e-01  -6.1204949e-01
  -4.4659481e-01  -4.4659481e-01  -4.4659481e-01  -5.6675635e-01
  -1.1542910e-01  -1.1542910e-01  -1.1542910e-01  -1.0785855e+00
  -4.3989531e-01  -4.3989531e-01  -4.3989531e-01  -9.0354259e-01
   9.8895359e-01   9.8895359e-01   9.8895359e-01   9.3334768e-02
  -6.0931917e-01  -6.0931917e-01  -6.0931917e-01  -9.7067854e-01
  -1.0006887e-01  -1.0006887e-01  -1.0006887e-01  -1.1784336e+00
   5.3719660e-01   5.3719660e-01   5.3719660e-01  -1.1452609e-01
  -4.8561251e-01  -4.8561251e-01  -4.8561251e-01  -1.6706543e-02
  -9.9302493e-01  -9.9302493e-01  -9.9302493e-01  -9.9998728e-01
  -1.3750076e-01  -1.3750076e-01  -1.3750076e-01  -4.0061649e-01
  -9.9794947e-01  -9.9794947e-01  -9.9794947e-01  -7.2342930e-01
  -2.0807347e-01  -2.0807347e-01  -2.0807347e-01  -8.3007608e-01
   3.8206437e-01   3.8206437e-01   3.8206437e-01  -1.5507042e-01
  -6.6106014e-01  -6.6106014e-01  -6.6106014e-01  -1.2441606e+00
  -1.1895358e-01  -1.1895358e-01  -1.1895358e-01  -6.7909913e-01
   2.3686866e-01   2.3686866e-01   2.3686866e-01  -5.2873521e-01
  -1.0068184e-01  -1.0068184e-01  -1.0068184e-01   3.0813231e-01
  -1.4355637e-01  -1.4355637e-01  -1.4355637e-01   1.6691235e-01
  -8.0414578e-02  -8.0414578e-02  -8.0414578e-02  -4.5819442e-01
  -7.0937850e-01  -1.2968925e+00  -1.0712545e+00  -1.1662225e+00
  -4.1247694e-01  -4.1247694e-01  -4.1247694e-01  -5.8548912e-01
  -5.5078551e-01  -5.5078551e-01  -5.5078551e-01  -6.0419160e-01
  -3.3281777e-01  -3.3281777e-01  -3.3281777e-01  -8.2877149e-01
   7.4781782e-01   7.4781782e-01   7.4781782e-01  -9.6742417e-02
  -4.2376141e-02  -4.2376141e-02  -4.2376141e-02  -1.8012118e-01
  -1.2346490e+00  -1.2346490e+00  -1.2346490e+00  -1.6886870e+00
  -5.2082444e-01  -5.2082444e-01  -5.2082444e-01  -5.0010191e-01
  -1.1230459e+00  -1.1230459e+00  -1.1230459e+00  -4.6463171e-01
   1.5929846e-01   1.5929846e-01   1.5929846e-01   2.2014054e-01
   3.1882746e-01   3.1882746e-01   3.1882746e-01  -1.9665297e-01
  -1.4415815e+00  -7.1486850e-01  -9.8368050e-01  -5.3065750e-01
   7.3452743e-01   7.3452743e-01   7.3452743e-01   4.9562409e-01
  -5.2211263e-02  -5.2211263e-02  -5.2211263e-02  -3.0806202e-01
  -1.4463178e-01  -1.4463178e-01  -1.4463178e-01   7.0242375e-03
  -6.3821396e-01  -6.3821396e-01  -6.3821396e-01  -1.0704968e+00
  -1.6346547e+00  -1.6346547e+00  -1.6346547e+00  -1.5726635e+00
  -7.5138450e-01  -1.0727045e+00  -1.9160385e+00  -9.9649450e-01
  -1.1032758e-01  -1.1032758e-01  -1.1032758e-01  -4.8635160e-01
  -1.2907255e+00  -6.5891250e-01  -6.6666650e-01  -9.2478650e-01
   5.3471070e-01   5.3471070e-01   5.3471070e-01   5.4419005e-01
  -5.5052684e-01  -5.5052684e-01  -5.5052684e-01  -9.5090294e-01
   9.6671877e-02   9.6671877e-02   9.6671877e-02  -6.0546807e-01
  -1.4546071e-01  -1.4546071e-01  -1.4546071e-01  -8.5616768e-01
  -7.1853979e-01  -7.1853979e-01  -7.1853979e-01  -1.3129455e+00
  -8.0689378e-01  -8.0689378e-01  -8.0689378e-01  -1.2740317e+00
  -2.2819512e-01  -2.2819512e-01  -2.2819512e-01  -4.1832682e-01
  -5.9822175e-01  -5.9822175e-01  -5.9822175e-01  -4.3481139e-01
   6.0572148e-01   6.0572148e-01   6.0572148e-01  -1.8345902e-01
  -2.0801938e-01  -2.0801938e-01  -2.0801938e-01  -1.0751357e+00
   4.0500650e-01   4.0500650e-01   4.0500650e-01   2.5006573e-01
  -2.3315972e-01  -2.3315972e-01  -2.3315972e-01  -6.3074043e-02
   2.9095056e-01   2.9095056e-01   2.9095056e-01  -5.1259879e-01
  -1.0211465e+00  -1.0884095e+00  -7.0721050e-01  -2.6009050e-01
   5.3109275e-02   5.3109275e-02   5.3109275e-02  -2.0017808e-01
  -1.7149297e-01  -1.7149297e-01  -1.7149297e-01  -8.5070394e-01
   8.0536332e-01   8.0536332e-01   8.0536332e-01   1.7264587e-01
  -2.3900382e-01  -2.3900382e-01  -2.3900382e-01  -6.5803696e-01
  -3.3467706e-01  -3.3467706e-01  -3.3467706e-01  -5.4556737e-01
  -8.9823426e-02  -8.9823426e-02  -8.9823426e-02  -5.1550988e-01
  -4.2711676e-01  -4.2711676e-01  -4.2711676e-01  -2.8795658e-01
  -6.1460067e-01  -6.1460067e-01  -6.1460067e-01  -1.1865603e+00
   4.0185745e-01   4.0185745e-01   4.0185745e-01  -3.0436446e-02
  -8.2631463e-01  -8.2631463e-01  -8.2631463e-01  -1.2103343e+00
  -2.2359970e-01  -2.2359970e-01  -2.2359970e-01  -3.3401063e-01
  -7.8062065e-01  -7.8062065e-01  -7.8062065e-01  -6.9651078e-01
   3.1757123e-02   3.1757123e-02   3.1757123e-02   1.6934203e-01
  -2.4657785e-01  -2.4657785e-01  -2.4657785e-01  -6.5476966e-01
  -1.4335920e-01  -1.4335920e-01  -1.4335920e-01  -3.2452288e-01
  -9.6482650e-01  -1.0795575e+00  -6.8569150e-01  -1.2880765e+00
  -1.0297075e+00  -1.1220635e+00  -8.5884250e-01  -1.2634805e+00
  -5.3763733e-01  -5.3763733e-01  -5.3763733e-01  -6.7382945e-01
  -7.3765140e-02  -7.3765140e-02  -7.3765140e-02  -9.4376158e-01
  -6.7023328e-01  -6.7023328e-01  -6.7023328e-01  -1.1281348e+00
   2.4943510e-01   2.4943510e-01   2.4943510e-01  -2.5175632e-01
  -1.7524242e-01  -1.7524242e-01  -1.7524242e-01   3.4422256e-03
  -1.0988815e-01  -1.0988815e-01  -1.0988815e-01  -4.6007725e-01
  -5.2062301e-01  -5.2062301e-01  -5.2062301e-01  -9.9960693e-01
  -6.0339279e-01  -6.0339279e-01  -6.0339279e-01  -6.0540808e-01
  -3.8020483e-01  -3.8020483e-01  -3.8020483e-01  -9.8394878e-01
  -8.0069688e-01  -8.0069688e-01  -8.0069688e-01  -1.0155241e+00
  -2.7587866e-02  -2.7587866e-02  -2.7587866e-02  -1.0480618e+00
  -1.7529784e-02  -1.7529784e-02  -1.7529784e-02  -1.3109946e-01
  -2.9109725e-01  -2.9109725e-01  -2.9109725e-01  -5.2671013e-01
  -6.2463720e-01  -6.2463720e-01  -6.2463720e-01  -8.3223521e-01
  -6.8386627e-01  -6.8386627e-01  -6.8386627e-01  -5.4982616e-01
  -5.7384741e-01  -5.7384741e-01  -5.7384741e-01  -6.9305330e-01
  -2.3330475e-02  -2.3330475e-02  -2.3330475e-02  -6.1625069e-02
  -1.0736194e+00  -1.0736194e+00  -1.0736194e+00  -1.1173050e+00
  -2.1243138e-01  -2.1243138e-01  -2.1243138e-01   1.0012087e-01
  -2.3305244e-01  -2.3305244e-01  -2.3305244e-01  -3.7139167e-02
  -4.0996826e-01  -4.0996826e-01  -4.0996826e-01  -1.1362013e+00
  -5.5489740e-01  -5.5489740e-01  -5.5489740e-01  -6.3492101e-01
  -7.1527003e-02  -7.1527003e-02  -7.1527003e-02  -6.6174208e-01
  -6.7087150e-01  -9.8220850e-01  -1.4007295e+00  -7.2316350e-01
   2.0930904e-01   2.0930904e-01   2.0930904e-01  -1.0388159e-01
  -3.5682557e-01  -3.5682557e-01  -3.5682557e-01  -1.0374269e+00
  -6.7170203e-01  -6.7170203e-01  -6.7170203e-01  -6.1575142e-01
  -1.7115876e-01  -1.7115876e-01  -1.7115876e-01  -8.3508239e-01
  -2.8336743e-01  -2.8336743e-01  -2.8336743e-01  -1.9851551e-01
  -6.7627035e-01  -6.7627035e-01  -6.7627035e-01  -8.7101495e-01
  -1.8734271e-01  -1.8734271e-01  -1.8734271e-01  -6.0743316e-01
  -2.7577261e-01  -2.7577261e-01  -2.7577261e-01  -7.1680252e-01
   6.5421304e-01   6.5421304e-01   6.5421304e-01   3.6969879e-01
  -7.4677856e-01  -7.4677856e-01  -7.4677856e-01  -1.3403409e+00
  -2.5500784e-01  -2.5500784e-01  -2.5500784e-01  -1.9070095e-01
  -1.0235766e+00  -1.0235766e+00  -1.0235766e+00  -9.1145405e-01
  -5.5020060e-01  -5.5020060e-01  -5.5020060e-01  -3.1135770e-01
  -1.2449981e-01  -1.2449981e-01  -1.2449981e-01  -5.1577870e-01
   8.6651486e-01   8.6651486e-01   8.6651486e-01  -2.5638163e-02
   5.3505784e-01   5.3505784e-01   5.3505784e-01   1.7897774e-01
  -3.4635809e-01  -3.4635809e-01  -3.4635809e-01  -4.8057464e-01
  -4.3096309e-01  -4.3096309e-01  -4.3096309e-01  -1.5600840e-01
   3.2053965e-01   3.2053965e-01   3.2053965e-01   4.1463121e-01
  -6.6153247e-01  -6.6153247e-01  -6.6153247e-01  -1.3503430e+00
  -5.5252126e-02  -5.5252126e-02  -5.5252126e-02  -8.9312675e-01
  -3.9563391e-01  -3.9563391e-01  -3.9563391e-01  -5.7413378e-01
  -4.5478307e-01  -4.5478307e-01  -4.5478307e-01  -1.0120793e+00
  -5.7109905e-01  -5.7109905e-01  -5.7109905e-01  -8.4710951e-01
  -5.3697668e-01  -5.3697668e-01  -5.3697668e-01  -4.3573868e-01
   1.0222612e-01   1.0222612e-01   1.0222612e-01   4.1712911e-01
  -1.6797355e+00  -1.0855215e+00  -3.4330850e-01  -1.2425015e+00
  -9.7570077e-01  -9.7570077e-01  -9.7570077e-01  -8.4223484e-01
  -1.3107544e+00  -1.3107544e+00  -1.3107544e+00  -1.2232202e+00
  -2.5461895e-01  -2.5461895e-01  -2.5461895e-01  -3.4537901e-01
  -2.9895524e-01  -2.9895524e-01  -2.9895524e-01  -3.4212233e-01
  -1.2070165e-01  -1.2070165e-01  -1.2070165e-01   7.9303183e-02
  -2.8650279e-01  -2.8650279e-01  -2.8650279e-01  -1.2257977e+00
   3.8808221e-01   3.8808221e-01   3.8808221e-01   4.8464625e-01
  -7.0759947e-01  -7.0759947e-01  -7.0759947e-01  -4.3027308e-01
   1.8283146e-01   1.8283146e-01   1.8283146e-01  -1.0796434e-01
   5.8382726e-01   5.8382726e-01   5.8382726e-01  -5.8339797e-01
   1.8304556e-01   1.8304556e-01   1.8304556e-01   1.9001825e-01
  -4.5361932e-01  -4.5361932e-01  -4.5361932e-01   2.1386259e-01
  -6.7731738e-01  -6.7731738e-01  -6.7731738e-01  -1.2816347e+00
  -1.1298422e-01  -1.1298422e-01  -1.1298422e-01   3.5256467e-01
   2.1581594e-01   2.1581594e-01   2.1581594e-01   2.4465640e-01
  -9.7122329e-01  -9.7122329e-01  -9.7122329e-01  -1.0985415e+00
  -4.3529268e-01  -4.3529268e-01  -4.3529268e-01  -6.3089570e-01
  -7.8861825e-01  -7.8861825e-01  -7.8861825e-01  -1.6258823e+00
  -1.0462173e-01  -1.0462173e-01  -1.0462173e-01  -4.4300657e-01
   1.3373241e-01   1.3373241e-01   1.3373241e-01  -1.3831416e-01
  -6.0765263e-01  -6.0765263e-01  -6.0765263e-01  -5.1051760e-01
  -1.8868627e-01  -1.8868627e-01  -1.8868627e-01  -9.5388830e-02
   7.0191521e-03   7.0191521e-03   7.0191521e-03  -1.1411716e-01
  -2.7708412e-01  -2.7708412e-01  -2.7708412e-01  -5.8620318e-01
   9.3872059e-01   9.3872059e-01   9.3872059e-01  -1.7020803e-01
  -3.9690674e-01  -3.9690674e-01  -3.9690674e-01  -4.3762482e-01
  -4.8258930e-01  -4.8258930e-01  -4.8258930e-01  -9.2089485e-01
  -7.9204434e-01  -7.9204434e-01  -7.9204434e-01  -1.1022469e+00
  -1.3396920e-01  -1.3396920e-01  -1.3396920e-01  -4.6455064e-01
  -4.1958415e-01  -4.1958415e-01  -4.1958415e-01  -8.7394927e-01
  -2.1445939e-01  -2.1445939e-01  -2.1445939e-01  -1.2163629e+00
   2.3247396e-01   2.3247396e-01   2.3247396e-01   4.0326213e-01
   4.7150297e-02   4.7150297e-02   4.7150297e-02  -2.1122993e-01
  -2.5738224e-01  -2.5738224e-01  -2.5738224e-01  -1.0967942e+00
  -2.5131026e-01  -2.5131026e-01  -2.5131026e-01  -3.9249759e-01
   6.2571241e-01   6.2571241e-01   6.2571241e-01  -1.8157854e-01
   1.0686350e-01   1.0686350e-01   1.0686350e-01  -4.0165518e-01
  -9.8430202e-01  -9.8430202e-01  -9.8430202e-01  -9.9502962e-01
   8.4294842e-02   8.4294842e-02   8.4294842e-02   1.0011330e-01
   6.5590765e-01   6.5590765e-01   6.5590765e-01   3.2337939e-01
  -1.2076773e-01  -1.2076773e-01  -1.2076773e-01   1.4640626e-01
   5.8676799e-01   5.8676799e-01   5.8676799e-01   4.2559573e-02
   1.8263963e-01   1.8263963e-01   1.8263963e-01  -1.3990695e-01
   7.5143364e-01   7.5143364e-01   7.5143364e-01   2.3232232e-01
   5.4361516e-02   5.4361516e-02   5.4361516e-02  -1.2348438e+00
  -5.0837121e-01  -5.0837121e-01  -5.0837121e-01  -7.5442889e-01
  -2.2718803e-01  -2.2718803e-01  -2.2718803e-01  -3.7760588e-01
  -5.2003228e-01  -5.2003228e-01  -5.2003228e-01  -1.1365794e+00
  -2.8569979e-02  -2.8569979e-02  -2.8569979e-02  -3.7631424e-01
   1.2306882e-01   1.2306882e-01   1.2306882e-01   1.4722930e-01
  -3.7975949e-02  -3.7975949e-02  -3.7975949e-02  -3.1007945e-01
  -2.8150396e-01  -2.8150396e-01  -2.8150396e-01  -1.3349636e-01
   6.9483143e-01   6.9483143e-01   6.9483143e-01   2.7629808e-01
  -9.6056133e-02  -9.6056133e-02  -9.6056133e-02  -1.1511000e-01
  -5.8797078e-01  -5.8797078e-01  -5.8797078e-01  -1.0967867e+00
  -8.9374333e-02  -8.9374333e-02  -8.9374333e-02   2.1297072e-01
   4.6004278e-01   4.6004278e-01   4.6004278e-01   6.8549241e-02
   4.2978606e-01   4.2978606e-01   4.2978606e-01   5.1824199e-01
  -8.9843125e-01  -8.9843125e-01  -8.9843125e-01  -1.2680811e+00
  -5.9150633e-02  -5.9150633e-02  -5.9150633e-02  -5.1933528e-01
  -1.1359540e+00  -1.1359540e+00  -1.1359540e+00  -1.2501099e+00
  -5.3821041e-01  -5.3821041e-01  -5.3821041e-01  -5.5565580e-01
  -3.3493432e-01  -3.3493432e-01  -3.3493432e-01  -4.5300503e-01
   1.6015585e-01   1.6015585e-01   1.6015585e-01   2.5798620e-01
  -5.5188170e-01  -5.5188170e-01  -5.5188170e-01  -9.7494683e-01
  -7.3429423e-02  -7.3429423e-02  -7.3429423e-02  -5.3894582e-01
  -1.1400295e-02  -1.1400295e-02  -1.1400295e-02  -1.0773995e+00
  -4.0927836e-01  -4.0927836e-01  -4.0927836e-01  -8.0337890e-01
   3.0562751e-01   3.0562751e-01   3.0562751e-01   3.2751306e-01
   1.3309146e+00   1.3309146e+00   1.3309146e+00   4.7771138e-01
   2.5146776e-01   2.5146776e-01   2.5146776e-01   1.8623087e-01
  -8.5086297e-01  -8.5086297e-01  -8.5086297e-01  -1.2396167e+00
   4.3847549e-02   4.3847549e-02   4.3847549e-02  -6.7222964e-01
   1.6194144e-01   1.6194144e-01   1.6194144e-01   3.9073107e-01
  -2.6623764e-01  -2.6623764e-01  -2.6623764e-01  -7.4455381e-01
  -7.8280389e-01  -7.8280389e-01  -7.8280389e-01  -1.0454565e+00
   3.0292540e-01   3.0292540e-01   3.0292540e-01   1.5073584e-01
   1.0051537e-01   1.0051537e-01   1.0051537e-01  -3.7682446e-01
  -3.2800502e-01  -3.2800502e-01  -3.2800502e-01  -5.7467169e-01
  -1.1331485e+00  -9.5999350e-01  -4.3604250e-01  -1.1138285e+00
   1.2683991e-01   1.2683991e-01   1.2683991e-01  -3.2747957e-01
  -1.8093074e-01  -1.8093074e-01  -1.8093074e-01  -3.8060550e-01
   2.7517424e-01   2.7517424e-01   2.7517424e-01  -1.3292866e+00
   1.2534683e+00   1.2534683e+00   1.2534683e+00   4.2476167e-01
  -3.4963696e-01  -3.4963696e-01  -3.4963696e-01  -8.1581924e-02
   7.2446177e-01   7.2446177e-01   7.2446177e-01   1.5268691e-01
  -3.2599700e-01  -3.2599700e-01  -3.2599700e-01  -4.4587303e-01
  -1.2866427e-01  -1.2866427e-01  -1.2866427e-01  -2.8433219e-01
  -4.2833191e-01  -4.2833191e-01  -4.2833191e-01  -5.3978653e-01
  -2.2671819e-01  -2.2671819e-01  -2.2671819e-01  -4.7456705e-01
   3.3922911e-02   3.3922911e-02   3.3922911e-02  -1.1028598e+00
   3.4321309e-01   3.4321309e-01   3.4321309e-01  -3.2698038e-01
  -5.7979515e-02  -5.7979515e-02  -5.7979515e-02   1.0695575e-01
   3.0102908e-02   3.0102908e-02   3.0102908e-02  -3.7541684e-01
  -5.9361935e-01  -5.9361935e-01  -5.9361935e-01   8.8611623e-03
  -7.9541333e-02  -7.9541333e-02  -7.9541333e-02  -7.0743829e-01
  -5.0398303e-01  -5.0398303e-01  -5.0398303e-01  -7.7109945e-01
  -1.3999335e-01  -1.3999335e-01  -1.3999335e-01  -6.4212108e-01
   4.1331856e-03   4.1331856e-03   4.1331856e-03   4.2637708e-01
  -6.0002888e-01  -6.0002888e-01  -6.0002888e-01  -1.3953430e+00
   2.2604322e-01   2.2604322e-01   2.2604322e-01   4.2519974e-01
  -7.1297738e-02  -7.1297738e-02  -7.1297738e-02  -6.2989587e-01
  -3.6532307e-01  -3.6532307e-01  -3.6532307e-01  -1.8401719e-01
   4.0204188e-01   4.0204188e-01   4.0204188e-01  -4.5000454e-01
   6.1751448e-01   6.1751448e-01   6.1751448e-01  -1.4629971e-01
   1.9990513e-01   1.9990513e-01   1.9990513e-01   1.3455743e-01
  -1.3319761e+00  -1.3319761e+00  -1.3319761e+00  -1.1387288e+00
  -9.1247402e-01  -9.1247402e-01  -9.1247402e-01  -9.4924254e-01
  -5.0195909e-01  -5.0195909e-01  -5.0195909e-01  -9.8958374e-01
   5.0091146e-01   5.0091146e-01   5.0091146e-01   3.3494289e-01
  -1.2513093e-01  -1.2513093e-01  -1.2513093e-01  -3.7046543e-01
  -7.3417206e-02  -7.3417206e-02  -7.3417206e-02   1.4702483e-01
  -3.1506963e-01  -3.1506963e-01  -3.1506963e-01  -8.1129300e-02
   1.7421770e-01   1.7421770e-01   1.7421770e-01   8.9532240e-02
  -1.6054381e+00  -1.6054381e+00  -1.6054381e+00  -1.0576516e+00
  -4.5379334e-01  -4.5379334e-01  -4.5379334e-01  -6.2131355e-01
  -3.7110727e-01  -3.7110727e-01  -3.7110727e-01  -6.5909366e-01
  -1.4863146e-01  -1.4863146e-01  -1.4863146e-01  -5.1057466e-01
  -2.5138079e-01  -2.5138079e-01  -2.5138079e-01  -5.3118693e-01
  -8.1591193e-01  -8.1591193e-01  -8.1591193e-01  -4.1753834e-01
  -7.4025307e-01  -7.4025307e-01  -7.4025307e-01  -5.8516970e-01
  -3.7664923e-01  -3.7664923e-01  -3.7664923e-01  -1.0264308e+00
   9.2946901e-01   9.2946901e-01   9.2946901e-01  -1.6394583e-01
  -1.8998345e-01  -1.8998345e-01  -1.8998345e-01   8.4510334e-02
  -4.8963023e-01  -4.8963023e-01  -4.8963023e-01  -4.8298846e-01
  -8.1189757e-02  -8.1189757e-02  -8.1189757e-02  -5.8642417e-01
   1.4457104e-01   1.4457104e-01   1.4457104e-01  -8.9443269e-01
  -1.6320148e-01  -1.6320148e-01  -1.6320148e-01  -8.9518629e-01
  -1.6308423e-01  -1.6308423e-01  -1.6308423e-01  -3.2615717e-01
  -4.6042851e-01  -4.6042851e-01  -4.6042851e-01  -1.1085534e+00
  -6.6607498e-01  -6.6607498e-01  -6.6607498e-01  -1.2698920e+00
  -1.1100667e-01  -1.1100667e-01  -1.1100667e-01  -5.1168919e-01
   1.2263679e+00   1.2263679e+00   1.2263679e+00   6.7354273e-01
  -4.5183294e-01  -4.5183294e-01  -4.5183294e-01  -6.7682264e-01
   2.9021965e-01   2.9021965e-01   2.9021965e-01  -8.2545022e-01
  -2.3545812e-01  -2.3545812e-01  -2.3545812e-01  -5.5756359e-01
  -5.2347436e-01  -5.2347436e-01  -5.2347436e-01  -1.5909752e+00
  -3.9837604e-01  -3.9837604e-01  -3.9837604e-01  -2.1834636e-01
  -8.2742333e-01  -8.2742333e-01  -8.2742333e-01  -6.2321077e-01
  -9.0400639e-02  -9.0400639e-02  -9.0400639e-02  -1.9011369e-01
  -5.6325882e-01  -5.6325882e-01  -5.6325882e-01  -1.3393891e+00
   1.0022982e-01   1.0022982e-01   1.0022982e-01  -3.7984990e-01
  -7.2448473e-01  -7.2448473e-01  -7.2448473e-01  -7.8159343e-01
  -4.8641184e-01  -4.8641184e-01  -4.8641184e-01  -1.8042598e-01
  -2.4798915e-01  -2.4798915e-01  -2.4798915e-01  -1.2508564e+00
  -1.2613733e-01  -1.2613733e-01  -1.2613733e-01  -7.4501543e-01
  -2.8656221e-01  -2.8656221e-01  -2.8656221e-01  -1.5274854e+00
  -1.2480565e+00  -1.2596525e+00  -1.5257485e+00  -8.2747450e-01
   3.6158914e-01   3.6158914e-01   3.6158914e-01  -8.3681423e-02
  -1.5118341e-01  -1.5118341e-01  -1.5118341e-01  -5.4764044e-01
  -8.4369100e-01  -8.4369100e-01  -8.4369100e-01  -1.0239951e+00
   1.7033033e-01   1.7033033e-01   1.7033033e-01  -1.4235099e-01
   2.3817770e-01   2.3817770e-01   2.3817770e-01  -1.4002849e-01
   8.7425390e-01   8.7425390e-01   8.7425390e-01   4.0954408e-01
   5.6959624e-01   5.6959624e-01   5.6959624e-01   8.4339272e-01
  -4.8794111e-01  -4.8794111e-01  -4.8794111e-01  -3.3836958e-01
  -2.3755712e-01  -2.3755712e-01  -2.3755712e-01  -2.2677115e-01
  -4.8027970e-01  -4.8027970e-01  -4.8027970e-01  -4.4774440e-01
   5.2872698e-01   5.2872698e-01   5.2872698e-01   7.9525058e-01
  -1.3512953e+00  -1.3512953e+00  -1.3512953e+00  -1.4952998e+00
  -5.0915261e-01  -5.0915261e-01  -5.0915261e-01  -7.5806871e-01
   5.6789223e-02   5.6789223e-02   5.6789223e-02   8.3751666e-02
  -6.0246450e-01  -1.1505775e+00  -2.1478165e+00  -1.0019485e+00
  -6.8635843e-01  -6.8635843e-01  -6.8635843e-01  -1.0825631e+00
  -3.0103159e-01  -3.0103159e-01  -3.0103159e-01  -9.1836909e-01
  -5.2915317e-01  -5.2915317e-01  -5.2915317e-01  -1.0870437e+00
   5.7748814e-02   5.7748814e-02   5.7748814e-02   2.3997863e-02
  -7.4478450e-01  -1.0352815e+00  -1.3087505e+00  -7.4929350e-01
   3.0290359e-01   3.0290359e-01   3.0290359e-01  -3.9713638e-01
  -7.8145446e-02  -7.8145446e-02  -7.8145446e-02  -6.5216869e-01
  -3.5688819e-01  -3.5688819e-01  -3.5688819e-01  -6.8094584e-01
   2.7963112e-01   2.7963112e-01   2.7963112e-01   2.0430954e-01
  -6.8829365e-01  -6.8829365e-01  -6.8829365e-01  -8.5688034e-01
  -7.4807250e-01  -8.5486750e-01  -7.5649950e-01  -9.9713550e-01
  -4.3893867e-01  -4.3893867e-01  -4.3893867e-01  -4.4866545e-01
   6.1243504e-01   6.1243504e-01   6.1243504e-01   6.4567532e-01
   6.5854026e-01   6.5854026e-01   6.5854026e-01   5.4669060e-01
  -1.2700136e-01  -1.2700136e-01  -1.2700136e-01   4.4211647e-02
  -2.1344216e-01  -2.1344216e-01  -2.1344216e-01  -9.5443209e-01
  -8.1660703e-01  -8.1660703e-01  -8.1660703e-01  -6.0321770e-01
  -1.1352060e-01  -1.1352060e-01  -1.1352060e-01  -5.5032103e-01
   6.7928411e-02   6.7928411e-02   6.7928411e-02  -7.3763235e-02
  -5.2618493e-01  -5.2618493e-01  -5.2618493e-01  -7.5617230e-01
  -5.0268314e-02  -5.0268314e-02  -5.0268314e-02  -4.8617097e-01
  -6.2884524e-01  -6.2884524e-01  -6.2884524e-01  -9.7308879e-01
   2.5636932e-01   2.5636932e-01   2.5636932e-01  -6.3934597e-01
   1.7485547e-01   1.7485547e-01   1.7485547e-01   5.1431240e-02
  -3.3038559e-01  -3.3038559e-01  -3.3038559e-01  -9.4002769e-01
  -1.8789104e-01  -1.8789104e-01  -1.8789104e-01  -7.1984690e-01
  -2.3560587e-01  -2.3560587e-01  -2.3560587e-01  -1.0806490e+00
  -3.2595801e-01  -3.2595801e-01  -3.2595801e-01  -1.7959651e-01
  -2.7164550e-01  -2.7164550e-01  -2.7164550e-01   1.5146039e-01
  -2.2245820e-01  -2.2245820e-01  -2.2245820e-01  -7.8658610e-01
   5.2598542e-01   5.2598542e-01   5.2598542e-01   4.5940165e-01
   1.0448018e+00   1.0448018e+00   1.0448018e+00   2.2336940e-01
  -2.1866269e-01  -2.1866269e-01  -2.1866269e-01  -1.7725080e+00
  -4.0971051e-01  -4.0971051e-01  -4.0971051e-01  -3.2231416e-01
  -2.0206375e-01  -2.0206375e-01  -2.0206375e-01  -1.8939355e-01
  -5.1061519e-02  -5.1061519e-02  -5.1061519e-02  -2.2315184e-01
   3.3321709e-01   3.3321709e-01   3.3321709e-01   5.6588409e-02
  -1.8695099e-01  -1.8695099e-01  -1.8695099e-01   4.3133006e-01
  -2.4302001e-01  -2.4302001e-01  -2.4302001e-01   2.3293678e-02
  -2.3179720e-01  -2.3179720e-01  -2.3179720e-01  -7.1849398e-01
   2.1248260e-01   2.1248260e-01   2.1248260e-01  -3.5938323e-01
  -4.1202658e-01  -4.1202658e-01  -4.1202658e-01  -7.7132781e-01
  -3.5965314e-01  -3.5965314e-01  -3.5965314e-01  -1.0070687e+00
  -1.8868560e-01  -1.8868560e-01  -1.8868560e-01  -1.5015759e-01
  -5.1652111e-01  -5.1652111e-01  -5.1652111e-01  -9.5276263e-01
  -4.3844124e-01  -4.3844124e-01  -4.3844124e-01  -3.3465429e-01
  -5.2092910e-02  -5.2092910e-02  -5.2092910e-02  -9.8571299e-01
  -3.8776352e-01  -3.8776352e-01  -3.8776352e-01  -8.5253321e-01
  -4.0350835e-01  -4.0350835e-01  -4.0350835e-01  -1.3313536e+00
   9.3993066e-02   9.3993066e-02   9.3993066e-02  -2.0813125e-01
   3.2011154e-01   3.2011154e-01   3.2011154e-01  -4.4437762e-01
  -2.5896619e-01  -2.5896619e-01  -2.5896619e-01  -8.3897664e-02
   3.0735900e-01   3.0735900e-01   3.0735900e-01   3.3362672e-01
  -1.5009287e-01  -1.5009287e-01  -1.5009287e-01  -4.5740431e-01
  -1.5225172e-02  -1.5225172e-02  -1.5225172e-02  -3.0420328e-01
   1.5765036e-01   1.5765036e-01   1.5765036e-01   3.0116699e-01
  -4.9998370e-01  -4.9998370e-01  -4.9998370e-01  -1.2629090e-01
  -7.1954257e-02  -7.1954257e-02  -7.1954257e-02  -3.6790264e-01
  -1.0815707e-01  -1.0815707e-01  -1.0815707e-01  -4.4350799e-01
  -7.4799677e-01  -7.4799677e-01  -7.4799677e-01  -1.1198826e+00
   1.7360731e-01   1.7360731e-01   1.7360731e-01  -6.4989938e-01
  -3.7340142e-01  -3.7340142e-01  -3.7340142e-01  -4.8733169e-01
   1.2494845e-01   1.2494845e-01   1.2494845e-01   2.7174731e-01
   1.9060877e-01   1.9060877e-01   1.9060877e-01  -1.3396039e-01
  -6.1795216e-01  -6.1795216e-01  -6.1795216e-01  -1.3094868e+00
  -2.4934231e-01  -2.4934231e-01  -2.4934231e-01  -6.6637595e-01
   1.2207298e-01   1.2207298e-01   1.2207298e-01  -2.0257798e-01
  -7.3075300e-01  -7.3075300e-01  -7.3075300e-01  -7.3558670e-01
  -3.2788187e-01  -3.2788187e-01  -3.2788187e-01  -2.6671610e-01
  -7.1902945e-01  -7.1902945e-01  -7.1902945e-01  -1.1364323e+00
   3.5377847e-02   3.5377847e-02   3.5377847e-02  -5.8787221e-02
  -4.4869384e-01  -4.4869384e-01  -4.4869384e-01  -8.8483079e-01
  -2.0680666e-01  -2.0680666e-01  -2.0680666e-01  -1.0617005e+00
  -1.0064269e+00  -1.0064269e+00  -1.0064269e+00  -6.2586851e-01
  -2.3714336e-01  -2.3714336e-01  -2.3714336e-01   1.7428673e-01
  -5.4371016e-01  -5.4371016e-01  -5.4371016e-01  -1.0115849e+00
   0.0000000e+00   0.0000000e+00   0.0000000e+00  -6.5667752e-01
  -9.0664491e-01  -9.0664491e-01  -9.0664491e-01  -7.3961203e-01
  -1.0486634e+00  -1.0486634e+00  -1.0486634e+00  -1.0224833e+00
   1.2435104e+00   1.2435104e+00   1.2435104e+00   7.4216873e-01
   1.1298804e+00   1.1298804e+00   1.1298804e+00   7.6575301e-01
  -1.1212515e+00  -7.4598850e-01  -4.0648950e-01  -1.0883335e+00
  -7.8078388e-01  -7.8078388e-01  -7.8078388e-01  -1.5301338e+00
   1.2953755e-01   1.2953755e-01   1.2953755e-01  -3.3195975e-02
   2.6164326e-01   2.6164326e-01   2.6164326e-01  -9.9749380e-01
  -3.2469662e-02  -3.2469662e-02  -3.2469662e-02   8.4604662e-02
   8.4434618e-01   8.4434618e-01   8.4434618e-01   5.3822789e-01
   1.0722278e+00   1.0722278e+00   1.0722278e+00   5.3318937e-01
  -5.8365084e-01  -5.8365084e-01  -5.8365084e-01  -9.4766147e-01
  -4.0500403e-01  -4.0500403e-01  -4.0500403e-01  -5.6088914e-01
   6.2707743e-02   6.2707743e-02   6.2707743e-02   2.1291814e-01
  -4.0887442e-01  -4.0887442e-01  -4.0887442e-01  -5.6017395e-01
  -2.3985473e-01  -2.3985473e-01  -2.3985473e-01  -9.9046188e-01
   6.3473351e-01   6.3473351e-01   6.3473351e-01   4.4104660e-01
  -6.7796044e-01  -6.7796044e-01  -6.7796044e-01  -7.7070809e-01
  -6.3484899e-02  -6.3484899e-02  -6.3484899e-02   3.4338278e-01
  -3.6191083e-01  -3.6191083e-01  -3.6191083e-01  -3.6809057e-01
   1.7757296e-01   1.7757296e-01   1.7757296e-01   4.0761746e-01
  -1.8760294e-02  -1.8760294e-02  -1.8760294e-02  -6.3805427e-01
  -1.8731672e-01  -1.8731672e-01  -1.8731672e-01  -1.0089315e+00
  -6.2428027e-01  -6.2428027e-01  -6.2428027e-01  -1.0058389e+00
  -3.1739162e-01  -3.1739162e-01  -3.1739162e-01  -8.1042262e-01
  -5.3719747e-01  -5.3719747e-01  -5.3719747e-01  -5.5529528e-01
  -9.2010157e-01  -9.2010157e-01  -9.2010157e-01  -9.5165245e-01
  -4.0045111e-01  -4.0045111e-01  -4.0045111e-01  -8.9097559e-01
  -6.0617145e-01  -6.0617145e-01  -6.0617145e-01  -1.1120148e+00
   1.0303556e+00   1.0303556e+00   1.0303556e+00   5.3234584e-01
  -1.0549310e+00  -1.0549310e+00  -1.0549310e+00  -1.2225184e+00
   1.0719394e-01   1.0719394e-01   1.0719394e-01  -5.6408867e-01
  -5.9667076e-01  -5.9667076e-01  -5.9667076e-01  -5.2788914e-01
   8.1013139e-01   8.1013139e-01   8.1013139e-01   1.9249535e-01
  -2.9372786e-01  -2.9372786e-01  -2.9372786e-01  -2.9556859e-01
   2.2683417e-01   2.2683417e-01   2.2683417e-01   5.3712705e-01
  -2.9256194e-01  -2.9256194e-01  -2.9256194e-01  -7.8446046e-01
  -3.5139250e-01  -3.5139250e-01  -3.5139250e-01  -7.4494974e-01
  -8.6165742e-01  -8.6165742e-01  -8.6165742e-01  -1.1476968e+00
  -6.7170148e-01  -6.7170148e-01  -6.7170148e-01  -1.2263922e+00
  -1.7535011e-01  -1.7535011e-01  -1.7535011e-01  -6.7557786e-01
  -1.3358912e-01  -1.3358912e-01  -1.3358912e-01   9.6824231e-02
   1.8339693e-01   1.8339693e-01   1.8339693e-01   4.8870096e-02
  -1.0145928e+00  -1.0145928e+00  -1.0145928e+00  -1.1818694e+00
  -2.3436507e-01  -2.3436507e-01  -2.3436507e-01  -5.3332012e-01
  -3.6760328e-01  -3.6760328e-01  -3.6760328e-01  -6.0200685e-01
   7.7110582e-01   7.7110582e-01   7.7110582e-01   1.5131032e-01
   1.5837277e-01   1.5837277e-01   1.5837277e-01  -5.9699470e-01
   1.9527633e-01   1.9527633e-01   1.9527633e-01  -2.0656432e-01
   2.5309449e-01   2.5309449e-01   2.5309449e-01  -5.1330986e-01
  -2.3315364e-01  -2.3315364e-01  -2.3315364e-01  -1.2944079e+00
  -8.3781932e-02  -8.3781932e-02  -8.3781932e-02  -2.6868656e-01
   6.3823619e-01   6.3823619e-01   6.3823619e-01   2.2448082e-01
  -6.3600449e-01  -6.3600449e-01  -6.3600449e-01  -9.9224138e-01
   7.3769413e-01   7.3769413e-01   7.3769413e-01   2.0725077e-01
   1.5003517e-01   1.5003517e-01   1.5003517e-01  -2.6797239e-01
   1.3338805e-01   1.3338805e-01   1.3338805e-01  -2.7436140e-01
  -3.2142760e-01  -3.2142760e-01  -3.2142760e-01  -1.1937461e+00
  -4.3154176e-02  -4.3154176e-02  -4.3154176e-02  -7.9377714e-01
  -5.0515328e-01  -5.0515328e-01  -5.0515328e-01  -6.4752644e-02
  -1.0481948e-01  -1.0481948e-01  -1.0481948e-01   4.4775113e-02
   1.4272941e-01   1.4272941e-01   1.4272941e-01   2.1661953e-01
  -2.3534354e-01  -2.3534354e-01  -2.3534354e-01  -9.4022863e-01
   4.7315586e-01   4.7315586e-01   4.7315586e-01  -1.3903204e-01
   3.7419614e-01   3.7419614e-01   3.7419614e-01   2.2385793e-01
   2.7948698e-02   2.7948698e-02   2.7948698e-02  -8.3033851e-01
  -4.5755822e-01  -4.5755822e-01  -4.5755822e-01   6.2667621e-02
  -4.9724081e-01  -4.9724081e-01  -4.9724081e-01  -4.8566879e-01
  -2.7222100e-01  -2.7222100e-01  -2.7222100e-01  -6.9584290e-01
  -9.5767082e-02  -9.5767082e-02  -9.5767082e-02  -6.5069250e-01
  -1.6486324e-01  -1.6486324e-01  -1.6486324e-01  -1.5867181e-01
  -1.1040231e-01  -1.1040231e-01  -1.1040231e-01  -5.5502015e-01
   5.5537506e-01   5.5537506e-01   5.5537506e-01   4.8382903e-01
   1.0301503e+00   1.0301503e+00   1.0301503e+00   2.5500055e-01
  -9.4834934e-02  -9.4834934e-02  -9.4834934e-02   7.1356733e-02
  -5.0485584e-01  -5.0485584e-01  -5.0485584e-01  -1.2622303e+00
  -8.1730518e-01  -8.1730518e-01  -8.1730518e-01  -1.5372067e+00
  -8.2808168e-01  -8.2808168e-01  -8.2808168e-01  -1.4747446e+00
   7.1871475e-01   7.1871475e-01   7.1871475e-01   1.1740367e-02
  -8.9187719e-01  -8.9187719e-01  -8.9187719e-01  -5.1224957e-01
  -3.7472753e-01  -3.7472753e-01  -3.7472753e-01  -2.5828453e-01
  -3.3604389e-01  -3.3604389e-01  -3.3604389e-01   5.0865790e-02
  -5.5365121e-02  -5.5365121e-02  -5.5365121e-02  -4.5124576e-01
   3.7072283e-01   3.7072283e-01   3.7072283e-01   5.8502131e-01
   6.8097211e-02   6.8097211e-02   6.8097211e-02   9.7260934e-02
  -7.5099988e-01  -7.5099988e-01  -7.5099988e-01  -7.1694083e-01
   6.1122077e-01   6.1122077e-01   6.1122077e-01  -2.0556129e-01
  -2.1669002e-01  -2.1669002e-01  -2.1669002e-01  -4.1468367e-01
  -7.7103050e-01  -1.0940485e+00  -9.5696750e-01  -1.2863705e+00
  -1.3521839e+00  -1.3521839e+00  -1.3521839e+00  -1.3348703e+00
   2.0298296e-01   2.0298296e-01   2.0298296e-01  -8.4493917e-01
   7.2593796e-01   7.2593796e-01   7.2593796e-01   9.5894160e-01
  -3.1893420e-01  -3.1893420e-01  -3.1893420e-01  -3.5523426e-01
  -7.3342611e-01  -7.3342611e-01  -7.3342611e-01  -1.5694311e+00
  -3.7890200e-01  -3.7890200e-01  -3.7890200e-01  -9.2820509e-01
  -5.8964782e-02  -5.8964782e-02  -5.8964782e-02  -4.1991703e-01
   2.7515025e-01   2.7515025e-01   2.7515025e-01   3.8905790e-01
   1.0664044e+00   1.0664044e+00   1.0664044e+00   7.6971270e-01
  -4.8414193e-01  -4.8414193e-01  -4.8414193e-01  -6.7287555e-01
   1.2848321e-01   1.2848321e-01   1.2848321e-01  -7.4646516e-02
  -9.9623368e-03  -9.9623368e-03  -9.9623368e-03   3.4945262e-01
   1.7364509e-01   1.7364509e-01   1.7364509e-01   1.0100771e-01
   1.6389673e-01   1.6389673e-01   1.6389673e-01  -3.9437922e-01
   9.9212515e-02   9.9212515e-02   9.9212515e-02  -1.9097836e-01
  -4.3844169e-01  -4.3844169e-01  -4.3844169e-01  -1.4815789e+00
  -3.9881196e-01  -3.9881196e-01  -3.9881196e-01  -1.0451417e+00
  -7.2724492e-02  -7.2724492e-02  -7.2724492e-02   3.7616408e-01
  -3.4676445e-01  -3.4676445e-01  -3.4676445e-01   1.9198335e-01
  -8.7414150e-01  -9.4400350e-01  -8.8603250e-01  -8.5412150e-01
  -2.8030590e-03  -2.8030590e-03  -2.8030590e-03   6.0850169e-02
  -2.1587983e-01  -2.1587983e-01  -2.1587983e-01  -2.6305383e-01
   1.5015875e-01   1.5015875e-01   1.5015875e-01  -1.0202716e+00
  -2.0916153e-01  -2.0916153e-01  -2.0916153e-01  -7.0575478e-01
  -5.8649054e-02  -5.8649054e-02  -5.8649054e-02  -3.7954598e-01
  -1.5820061e+00  -1.5820061e+00  -1.5820061e+00  -1.9664605e+00
   3.5008391e-01   3.5008391e-01   3.5008391e-01   5.9734714e-01
  -3.7391679e-01  -3.7391679e-01  -3.7391679e-01  -9.7292148e-01
  -6.8676250e-01  -6.8676250e-01  -6.8676250e-01  -1.2024784e+00
   3.3163968e-01   3.3163968e-01   3.3163968e-01   3.2122550e-01
   7.8136947e-02   7.8136947e-02   7.8136947e-02   4.9770227e-01
   6.3748914e-01   6.3748914e-01   6.3748914e-01   2.1287453e-01
  -1.0666117e-02  -1.0666117e-02  -1.0666117e-02  -8.4007049e-01
  -5.5319966e-01  -5.5319966e-01  -5.5319966e-01  -1.2491909e+00
   3.0792402e-01   3.0792402e-01   3.0792402e-01   6.1398053e-01
  -2.7528338e-01  -2.7528338e-01  -2.7528338e-01  -9.7942950e-01
  -2.0792477e-01  -2.0792477e-01  -2.0792477e-01  -5.2790490e-01
  -1.0861543e+00  -1.0861543e+00  -1.0861543e+00  -1.7539714e+00
   2.2299905e-01   2.2299905e-01   2.2299905e-01  -8.3388182e-01
  -2.6775549e-01  -2.6775549e-01  -2.6775549e-01  -6.8299075e-01
   1.0297299e+00   1.0297299e+00   1.0297299e+00   5.6807784e-01
  -2.7312777e-01  -2.7312777e-01  -2.7312777e-01   7.1683922e-02
   4.6847832e-02   4.6847832e-02   4.6847832e-02  -1.0994397e-01
  -2.5207178e-02  -2.5207178e-02  -2.5207178e-02  -2.5779527e-01
  -5.9520031e-01  -5.9520031e-01  -5.9520031e-01  -1.6928246e+00
  -1.9891055e-01  -1.9891055e-01  -1.9891055e-01  -9.4337845e-01
  -1.7477071e-01  -1.7477071e-01  -1.7477071e-01  -1.2791939e-01
   3.9051374e-01   3.9051374e-01   3.9051374e-01  -5.3527585e-03
   6.4399493e-02   6.4399493e-02   6.4399493e-02   6.0108393e-01
  -8.6805295e-01  -8.6805295e-01  -8.6805295e-01  -1.0437821e+00
  -1.0743053e+00  -1.0743053e+00  -1.0743053e+00  -7.8369756e-01
  -8.1886950e-01  -7.7161750e-01  -5.7927250e-01  -7.5456050e-01
  -1.8858497e-01  -1.8858497e-01  -1.8858497e-01  -9.4512569e-02
  -9.9879263e-01  -9.9879263e-01  -9.9879263e-01  -1.1765171e+00
  -6.1981320e-01  -6.1981320e-01  -6.1981320e-01  -8.9423249e-01
  -7.6706741e-01  -7.6706741e-01  -7.6706741e-01  -2.1472647e+00
  -7.9328216e-01  -7.9328216e-01  -7.9328216e-01  -7.6444185e-01
  -4.0588287e-01  -4.0588287e-01  -4.0588287e-01  -5.5451025e-01
   1.8787694e-01   1.8787694e-01   1.8787694e-01   1.8735181e-02
  -4.6751650e-01  -8.6106850e-01  -1.2674095e+00  -5.6619650e-01
   8.7919413e-01   8.7919413e-01   8.7919413e-01   6.4080416e-01
  -1.5954716e-01  -1.5954716e-01  -1.5954716e-01  -4.8212450e-01
  -8.1581265e-01  -8.1581265e-01  -8.1581265e-01  -1.1490373e+00
  -6.2531518e-01  -6.2531518e-01  -6.2531518e-01  -4.4605327e-01
   4.8415408e-01   4.8415408e-01   4.8415408e-01   3.0359367e-01
   1.3572986e-01   1.3572986e-01   1.3572986e-01  -5.6882084e-01
  -5.0638997e-01  -5.0638997e-01  -5.0638997e-01  -7.0226662e-01
  -6.1719751e-01  -6.1719751e-01  -6.1719751e-01  -9.7805339e-01
  -5.1552329e-01  -5.1552329e-01  -5.1552329e-01  -9.5934880e-01
  -6.8166414e-01  -6.8166414e-01  -6.8166414e-01  -9.0326814e-01
  -3.0567152e-01  -3.0567152e-01  -3.0567152e-01  -1.3463835e-01
   2.7226370e-02   2.7226370e-02   2.7226370e-02  -4.2851512e-01
   5.8062047e-02   5.8062047e-02   5.8062047e-02  -3.3098598e-01
  -2.1333588e-01  -2.1333588e-01  -2.1333588e-01   8.5541892e-02
  -1.0169565e+00  -1.1887015e+00  -9.7040750e-01  -7.0774850e-01
  -8.1729086e-01  -8.1729086e-01  -8.1729086e-01  -4.5941875e-01
   1.5779504e-01   1.5779504e-01   1.5779504e-01  -2.6965949e-02
  -3.4091263e-01  -3.4091263e-01  -3.4091263e-01   4.8888284e-01
  -9.5802683e-01  -9.5802683e-01  -9.5802683e-01  -1.1718173e+00
  -3.7003518e-01  -3.7003518e-01  -3.7003518e-01  -1.4613364e+00
  -4.8367140e-01  -4.8367140e-01  -4.8367140e-01  -7.3820979e-01
  -3.6520559e-01  -3.6520559e-01  -3.6520559e-01  -1.0396038e+00
  -7.3027714e-01  -7.3027714e-01  -7.3027714e-01  -9.3521220e-01
  -9.4971253e-01  -9.4971253e-01  -9.4971253e-01  -1.7201178e+00
   8.5523463e-02   8.5523463e-02   8.5523463e-02  -2.6343954e-01
  -4.1160202e-02  -4.1160202e-02  -4.1160202e-02  -9.0787309e-01
   4.6918119e-01   4.6918119e-01   4.6918119e-01   4.5947744e-01
  -1.3287140e-01  -1.3287140e-01  -1.3287140e-01  -7.9816658e-01
  -4.0349736e-01  -4.0349736e-01  -4.0349736e-01  -1.3533765e+00
  -2.7638532e-01  -2.7638532e-01  -2.7638532e-01  -8.5441874e-01
  -3.9858560e-02  -3.9858560e-02  -3.9858560e-02  -1.7805423e-01
  -5.8881818e-01  -5.8881818e-01  -5.8881818e-01  -4.8829612e-01
  -5.5162837e-02  -5.5162837e-02  -5.5162837e-02  -9.2640227e-01
  -8.1726277e-02  -8.1726277e-02  -8.1726277e-02  -1.1702997e-01
