-0.13622,1.7365,0.43244,0.64668
0.72272,1.9534,1.5693,0.97262
-0.68153,1.5509,1.2574,1.1376
-0.065825,-1.1794,-0.06648,-0.591
-0.24932,1.4072,0.29365,0.65371
0.1956,1.3516,0.1139,1.2643
-0.62499,1.5699,2.2314,1.3323
-0.62788,-1.1715,-0.47585,-1.0013
-0.60801,-0.91971,-0.13778,-0.26903
0.091693,0.47702,0.71238,0.30474
0.84164,2.3696,0.82112,0.94872
-1.1996,-0.569,-0.42466,-0.093625
-0.34173,1.2852,0.32515,0.48042
0.29046,-0.21305,-0.034214,0.036011
0.19046,1.7643,-0.47945,1.1548
-0.69086,1.5709,1.1704,0.81421
0.15745,2.343,1.094,0.76245
-0.9429,1.8947,1.2939,1.0023
-0.2014,-0.50553,-0.2001,-0.27684
1.0205,0.57982,0.58406,0.25824
0.24014,1.5353,0.99615,0.85222
-0.32345,1.1122,0.20467,0.53707
-1.9426,1.6479,0.69379,0.78281
-0.029099,1.0713,0.25842,0.4211
-0.7642,-1.8222,-0.56663,-0.66026
-0.17494,2.133,2.0439,1.3332
-0.33096,-0.45161,-0.5731,0.35168
-0.54894,1.6581,0.99042,0.57439
0.48667,-0.89069,-0.11594,0.0050602
-0.4251,-0.53093,-0.056336,0.552
-0.38566,0.7075,0.053925,0.44911
-0.10751,1.3221,1.1274,0.73311
1.0698,1.3079,0.70216,1.2185
-0.39167,1.1618,0.58134,0.48897
-0.38214,0.71646,-0.29458,-0.22192
0.0064778,2.0101,1.3593,1.1377
-0.89151,1.3684,1.8073,0.70793
0.0063275,1.9245,1.0527,0.55265
0.65822,1.3874,0.60348,1.134
-0.36423,1.5575,0.72585,0.091329
-0.59854,-0.59829,0.10408,0.484
-0.62306,-1.4289,-0.42621,-0.38726
-0.4823,1.9804,0.23647,0.44769
-0.075785,2.1914,1.1567,0.49951
-0.1005,1.3694,1.0027,0.64087
-0.33834,1.5609,0.21351,0.56097
-0.43972,1.969,1.2314,0.5647
-0.040101,1.2582,0.62032,0.17772
-0.98331,1.2635,-0.11507,0.36676
-0.21463,1.6621,0.71317,0.85298
-2.0415,2.0548,-0.94683,0.91466
-0.19519,1.6805,0.77177,1.0037
0.38712,-0.61618,-0.014231,-0.044447
-0.36933,1.7156,1.0216,0.52944
-0.70347,1.5014,0.53257,0.94503
-0.23504,2.0971,1.4,1.2518
0.38282,-0.23329,0.083244,0.11804
0.60321,0.20386,0.71023,0.26662
-0.037126,1.4803,0.50455,0.60624
-1.6731,1.7032,1.6303,1.106
-0.40738,0.49139,0.75713,0.678
-0.47297,1.2222,-0.47231,0.46778
-0.0527,-1.0156,-0.218,-0.10513
0.0081365,-0.81673,-0.14312,-0.50103
-0.31035,1.5884,1.494,0.62925
0.28577,-0.773,0.1016,-0.30012
-0.64634,-0.71586,0.24964,0.6928
-1.5205,2.1636,1.664,0.68979
-1.328,1.7497,0.72438,0.64598
0.085972,1.894,0.5877,0.6943
-0.28185,1.6387,-0.34862,1.1528
-0.91489,1.0368,1.5855,0.93011
-1.3097,2.1679,0.45388,1.6025
0.062777,1.7058,1.212,0.49425
0.44886,0.19405,0.5422,0.54307
-0.45116,2.0501,2.3081,0.94784
0.11169,0.9911,0.94541,1.0399
-0.60968,2.2089,2.3122,0.93359
0.20413,2.4474,0.75858,0.99283
-0.83352,1.1081,1.4474,0.71107
0.26878,0.081062,0.48928,0.21404
0.20225,2.2619,1.8632,1.0795
-0.26922,-0.43544,-0.071131,-0.14296
-0.59648,1.2295,1.3378,0.79874
-0.11229,2.5091,1.1121,0.76875
0.2915,-0.046185,-0.17573,0.2527
0.73606,0.7747,0.57579,0.052132
-0.88516,1.7431,0.34774,0.73097
-0.37102,2.8949,1.229,1.2265
2.5393,1.349,0.8911,1.8463
-0.69786,1.8635,1.6281,0.90129
-1.0904,1.2188,0.12856,1.1168
-0.22024,1.551,1.4791,0.43104
0.45695,1.8893,0.76215,0.99423
-0.8293,1.6927,1.0523,0.80178
-0.53036,1.0706,0.40452,0.46837
-1.5242,0.33352,-0.16017,0.43809
0.20989,-0.68782,-0.25367,-0.3946
-0.34178,1.0119,0.11337,0.75017
-0.81157,1.1259,0.32515,0.8952
-0.4154,1.574,1.7852,0.91004
1.2689,-0.5781,0.58462,0.30477
0.70168,2.0939,1.5552,0.72678
-0.1674,-0.96635,-0.29404,-0.47918
-0.25603,0.058434,0.89026,0.089913
0.52737,2.014,0.45932,1.0287
-0.12663,1.9275,0.68258,0.31478
-0.41373,-0.80672,-0.10948,-0.43455
-0.84504,1.0903,-0.078932,0.27976
-0.64089,0.96993,0.18795,1.1438
-0.3542,1.1947,1.873,0.41291
-0.090082,1.7742,0.34972,0.70455
-0.44031,1.8025,2.096,0.56368
-0.07395,1.6723,1.3065,0.86197
-0.81758,1.5709,-0.0060898,1.3551
0.27379,-0.77105,0.49101,0.42927
0.16498,0.61136,0.67766,0.61225
-1.8336,1.4688,-1.0686,1.2078
-0.81887,2.0978,0.13025,0.7306
-0.97897,-1.225,-0.29947,-0.12494
-0.031256,1.404,0.60383,1.0189
-0.69377,1.5051,1.6591,0.84076
-0.0054873,1.2898,1.087,0.4086
-0.63748,-1.436,-0.67313,-0.50593
0.24095,0.14545,0.20239,0.49432
-1.0289,1.6489,0.93354,0.96151
-0.051076,0.31231,-0.44487,0.26956
-0.27289,0.27475,-0.32337,0.46192
-1.743,0.11306,0.67253,0.38479
2.1728,1.6632,0.51916,0.62251
-0.69909,1.9576,1.049,0.79849
-0.78277,-0.68111,0.59444,0.14401
0.086835,2.8384,1.6814,0.90002
-0.32004,0.037977,0.33308,0.3655
0.1063,0.65748,0.30242,0.31015
0.29844,1.3224,0.16922,0.69195
-0.31391,1.5944,1.3754,0.75632
-0.53057,0.2025,0.14481,0.5175
-0.067877,1.1861,0.83334,1.0261
0.35705,1.4894,0.58274,0.53747
-0.51775,1.586,1.4645,0.89921
-0.19125,2.7811,0.77624,0.89047
0.12586,2.1811,0.6982,1.0973
0.052925,-0.89285,-0.055292,-0.31875
-0.037006,2.01,2.8032,0.68749
-0.81001,1.9242,1.6698,0.83677
-0.9099,2.368,1.9158,1.1059
-0.83794,1.6937,0.2098,1.5458
0.28557,-0.79574,-0.10431,-0.00028766
0.88821,1.2987,1.6553,0.26141
-0.69754,2.6577,1.3944,0.90855
-0.72107,1.732,1.0844,0.6255
0.04529,1.1955,0.18386,0.71936
-0.2934,2.0432,0.89969,0.93861
0.16434,1.3344,1.3036,0.63518
-0.80425,1.5593,1.4064,0.63678
0.30486,-0.22687,-0.21986,-0.22273
-0.66478,1.5724,-0.35323,0.57796
-1.525,0.78097,-0.19946,0.41796
-1.1257,1.5618,-0.41431,0.89475
0.64604,-0.095928,1.2304,0.66122
-0.53022,1.0722,1.0918,1.1653
-0.42583,1.591,0.41436,0.69488
-0.57983,-1.174,-0.72162,-0.58172
-0.15491,1.7962,1.2688,0.90524
-1.164,1.297,0.40248,1.1457
-0.31811,0.4607,0.81198,0.25224
-0.39833,1.8829,1.0121,1.1016
-0.61774,1.671,0.45893,0.47937
0.023347,0.85567,0.47747,0.82275
-1.164,1.2847,0.58779,0.51979
0.041066,0.88218,0.86685,0.74939
0.20588,0.6585,0.29462,-0.045509
0.73809,0.17351,0.63738,-0.023181
0.51887,0.67663,0.46147,0.66034
-0.1406,1.9361,-0.12898,1.242
-0.35133,1.047,0.2013,0.43943
1.2593,-0.001486,0.74952,0.51618
0.65624,0.25973,0.45612,0.73728
-0.028151,-0.33947,0.52177,0.026355
2.7995,2.192,1.8398,0.79
-0.79129,2.1076,1.626,1.2903
0.259,1.8122,0.85354,0.91924
0.27608,1.4881,0.89512,0.87512
0.11218,1.5856,0.8098,0.82973
-0.43438,1.7757,0.57227,1.2969
-0.80341,1.2095,-0.028963,0.60093
0.062073,1.7862,0.93365,0.68666
0.85387,1.5122,1.9222,0.85797
-1.2057,1.5353,-0.80988,0.47728
-0.48679,1.9261,0.34453,0.87999
-0.094035,-0.35523,0.39611,0.14867
-0.36199,1.9507,0.28318,0.87322
-0.53368,0.76944,0.53797,0.99195
0.17112,1.1102,0.2449,0.66295
-0.59188,2.0188,0.35612,0.82731
-1.6805,1.2654,1.3117,0.81794
0.19993,1.4296,0.51448,1.7098
-0.16424,1.5032,-0.38326,1.4621
-0.16206,-0.35804,-0.044059,-0.31635
-0.080952,0.56317,0.37969,0.61145
-0.57,0.15783,0.19135,0.45284
-0.59271,1.7762,0.8598,0.46621
-0.42959,1.7935,1.5334,0.62876
-1.5146,1.4275,-0.47635,0.71381
-0.55007,0.31732,0.056177,0.78344
0.16725,1.3019,0.19023,0.5712
0.55771,1.6302,1.1053,0.73763
0.82439,1.1651,1.1171,0.014602
0.43295,1.8757,1.0732,0.77068
-0.56092,1.904,-0.37273,1.751
0.48029,2.4894,1.6385,0.93076
-0.21654,0.62034,-0.26345,-0.19649
-1.2492,1.4451,0.037962,1.1949
1.1297,1.3488,1.6876,0.46599
-0.12747,1.4137,0.41176,0.40058
-0.076451,1.8718,1.4526,0.58846
0.99209,0.80166,1.0983,0.56141
-0.46338,1.259,0.14378,0.63394
-0.68622,2.0334,1.1664,0.69996
-0.10131,1.2133,0.4418,0.95878
-0.48556,1.3215,0.36246,0.59182
-1.8356,1.4884,0.27388,1.021
-0.53113,1.9601,0.39261,2.5777
-0.16485,2.2717,1.2654,1.0077
-0.60726,2.3155,1.9893,0.049816
1.3231,1.7325,1.4764,0.59785
-0.71851,1.4285,0.49028,0.35083
1.2565,1.2687,1.1609,0.40841
-0.0080878,1.3125,0.073882,0.86085
-0.3072,-1.3859,0.079429,-0.21991
-0.55934,2.0396,1.4313,0.592
-0.94588,1.6109,0.32885,1.2826
0.90467,0.30671,1.0206,0.63767
-0.27416,1.2684,0.33155,0.65942
-1.0405,-0.75146,-0.61737,-0.17025
0.71678,1.6642,0.66602,1.4738
0.1034,-0.10589,0.095773,-0.079751
0.78649,0.51741,1.2415,1.5343
0.21193,2.1221,0.031344,1.9217
-0.55552,2.2106,1.7882,0.99496
0.35334,0.98567,1.6471,1.1997
3.0533,1.6138,0.2232,0.35313
0.38036,0.18361,0.24761,-0.013993
0.53457,1.7024,0.49075,1.3933
0.60262,-0.20934,0.1558,-0.072286
-0.49066,1.2513,1.7481,0.68481
-0.76461,1.7098,0.98618,1.4765
0.15745,-0.72262,-0.045468,0.0074022
-1.2036,1.4594,0.92136,0.36171
-1.1729,0.97729,1.0339,0.96211
-0.75997,1.7269,0.19513,1.2151
-1.8756,1.8595,-0.32445,1.5956
-0.44623,1.813,1.2815,1.0468
-0.89388,1.9072,0.9033,0.92247
0.60133,-0.97881,0.21708,-0.18025
0.55904,2.2554,1.5507,0.50401
-1.0764,1.7702,1.7355,0.69614
0.19012,-0.62395,0.30189,0.070044
0.50509,1.273,1.078,0.7139
-0.024934,-0.19816,0.34314,-0.17549
-0.098792,-0.24849,0.44133,0.2807
-0.19441,-0.69696,-0.28235,-0.35797
0.097975,2.0682,2.2362,1.041
-0.69365,1.2074,0.067526,0.2628
0.64254,-0.68919,0.32714,0.12461
0.98105,1.9833,1.1376,1.1609
0.13452,1.6487,0.43623,0.30515
2.3951,0.94163,1.0111,0.75682
-0.46441,1.1089,0.19118,0.5531
-0.43572,-0.14864,0.046538,-0.1589
-1.1192,2.8251,0.34249,0.96882
-1.5049,1.259,0.045303,1.1603
-0.45892,-0.71692,-0.34855,-0.53376
1.7048,1.3592,1.33,0.5295
-0.5435,1.7383,0.11853,0.32294
-0.22308,0.71567,0.7224,0.73984
-0.023756,-0.058531,0.12062,0.1347
0.52159,2.3403,1.0765,1.4204
-0.0078901,1.9407,-0.079699,1.0808
-0.36862,2.2034,0.43936,0.67988
-0.53961,-0.45874,-0.51441,-0.016088
-0.25777,1.3566,1.1115,1.2243
-0.80498,1.511,0.11486,0.7762
-0.77516,1.7865,0.75501,1.0618
-0.62685,1.969,0.69425,-0.17831
-0.25076,0.21908,0.039545,0.5949
-0.73787,1.815,1.1541,0.46096
-0.12752,1.8308,0.48909,1.1544
-0.36286,1.152,0.65006,0.74345
0.73108,1.1586,0.49237,0.90179
-0.95036,0.20126,0.26446,0.24875
2.8347,1.8154,0.6095,0.87077
-0.55806,1.7189,1.5223,0.56993
-0.46321,1.4274,1.0945,1.0295
-0.8256,2.1533,0.30504,0.92667
-0.18976,0.92347,0.51833,1.1123
-0.30765,0.29112,0.45143,-0.058277
-0.15522,1.2574,0.19437,0.83134
-0.24842,0.16037,0.15073,0.5363
0.50038,2.0129,1.0883,0.96394
0.37744,1.4243,1.0389,0.35275
-0.33726,1.0427,1.7105,0.64533
0.07262,2.3844,1.2306,1.3901
-1.2425,1.936,1.2299,0.67287
-0.4595,-1.4342,-0.099042,-0.11169
-0.79762,0.19022,0.045724,0.28002
-0.31143,-0.82364,-0.10907,-0.3404
-0.74299,2.0256,-0.075579,0.74346
-1.0657,1.4303,1.2029,1.3263
-0.16302,1.5778,0.94154,1.0122
-0.54473,1.9024,0.31998,0.61391
-0.43733,1.4383,0.76002,0.14318
-1.2805,1.5128,0.46709,0.68286
1.2839,1.2152,0.97818,1.4093
-0.38042,1.7957,2.3933,1.0714
-0.32562,2.1649,-0.26922,0.72715
0.26746,0.67291,1.1501,1.0808
-0.088387,2.3332,1.1241,0.61351
0.095092,1.0977,1.3869,0.66503
0.40021,1.7652,0.99137,0.74161
0.51523,-0.63105,0.45564,0.20214
-0.15512,1.3914,-0.00039282,1.1511
-1.05,1.6553,1.2145,-0.02295
-1.102,1.0527,-0.13234,0.59195
-1.2077,2.0946,0.47823,1.2106
0.21562,1.886,0.6256,0.32894
-0.27053,1.5402,0.11389,0.61615
0.72766,0.8899,0.93819,0.90472
0.12714,0.90553,0.13473,0.45357
-0.33264,0.40953,0.22011,-0.063049
-0.60905,-1.347,-0.81154,-0.7445
-2.2498,1.7325,0.63315,0.75459
-0.6689,1.8189,0.91711,1.1267
-0.10266,-0.28365,-0.19156,-0.37353
-0.9407,1.8326,0.50781,0.46131
0.029944,-0.29335,-0.2279,0.043894
0.11027,0.27636,0.21121,0.019621
0.16626,1.4712,0.66361,0.63395
-0.42312,0.89536,1.2676,0.3756
-0.32859,1.9464,1.5045,0.72546
0.28997,1.4189,1.1162,0.73427
-0.42303,1.5013,1.8808,0.62148
-0.91567,-2.0309,-0.70482,-0.72858
-0.65959,2.3094,1.2975,1.2575
-0.57841,-0.82831,-0.30887,-0.31477
-0.27894,2.509,1.5429,0.91738
-0.80397,1.6214,2.0523,1.0965
-1.3314,2.44,2.154,0.83326
-0.7556,1.9552,0.67948,1.6099
0.11326,1.8152,0.64096,0.56018
-1.2442,1.0664,0.41851,1.2435
-0.60447,0.70422,0.71356,1.0382
-0.49317,1.7361,-0.33017,1.025
0.42718,1.5409,1.2516,0.82871
-0.30524,1.9286,0.45604,0.81379
-1.4093,2.2214,0.96568,1.0839
-0.73149,2.1042,1.0785,0.84581
0.028929,2.1947,0.93037,0.4763
-0.89988,1.3226,0.8376,1.114
-0.65747,-0.29999,0.048607,0.49253
1.3667,0.81751,1.5681,0.75967
-0.95134,1.4979,0.09968,0.77527
-0.29614,1.8953,1.3532,0.94487
0.56621,-0.4222,0.15654,-0.031702
0.2658,-0.47822,-0.0085732,-0.41492
-0.62611,2.7563,0.40549,0.54887
-0.024589,1.834,-0.0088298,0.89396
0.87583,0.51132,1.3944,0.84932
0.18191,-0.95346,-0.14225,-0.44165
-1.1236,2.1742,-0.28818,0.92418
-1.0332,1.6246,0.72699,0.7891
0.45806,0.67762,0.42346,0.063788
-0.76466,-1.1023,-0.32456,-0.60883
0.40158,0.25607,1.3862,0.26653
0.07627,1.6456,1.0494,0.6742
-0.065139,1.8334,0.73228,0.87942
-0.19766,1.4168,0.61828,0.78003
0.15887,1.0929,0.9006,0.56472
-0.52074,0.90872,0.73401,0.9768
-0.7146,1.7196,1.4863,0.7355
-3.0378,1.9006,-1.4364,0.30052
0.81967,1.2314,0.51993,2.1205
-0.38382,2.3489,0.13368,0.55485
0.12382,2.0012,0.63406,0.44074
0.31993,2.002,2.2781,0.45675
-0.15082,2.0745,2.1573,0.61963
-0.34768,0.99621,0.56844,0.95029
0.46674,1.3229,0.63672,0.83012
1.0926,0.8114,0.98757,0.7218
-0.21899,1.8282,0.65775,1.3375
-1.1237,1.4535,1.4683,0.81406
-1.1724,1.4239,1.3561,0.95876
0.41476,2.3967,1.7168,0.93937
-0.96712,2.2666,1.2568,1.457
0.71423,1.077,0.9299,0.71786
-1.771,2.2017,0.78104,0.9017
-0.3184,1.9782,1.2687,0.68055
-0.89945,1.663,0.75479,0.34376
-0.43459,1.8051,0.74192,0.99789
-0.59635,2.1154,0.039888,0.73696
-0.057601,1.3775,1.1,0.71751
-0.43216,1.6938,1.8918,0.92983
-0.61472,2.3146,1.4306,0.4009
0.078186,1.6852,0.54986,1.3299
-0.30611,0.46813,0.028288,0.32302
0.66506,2.45,0.43202,0.76571
-0.93717,2.716,1.4967,1.4125
0.69176,1.2442,0.83381,0.80352
0.039033,1.031,0.71032,0.5696
-1.1149,1.8269,0.8527,0.62819
0.56086,2.1346,0.48739,0.53761
-0.58805,1.5183,1.2331,0.46995
-1.4773,1.8494,0.25248,0.64354
1.1721,1.4975,1.1071,2.1093
0.44283,1.6619,0.40496,0.48232
-0.042289,3.092,1.3744,1.3423
0.50971,0.91249,0.43257,1.0584
-0.14302,1.6582,1.38,1.5193
-0.9405,1.5949,1.0052,0.95665
-0.02376,1.8376,0.72826,0.97576
-0.92759,2.3217,1.4457,0.60674
0.099551,1.4587,0.33618,0.89036
0.55719,1.6642,1.468,1.575
-0.096428,1.3093,0.51378,0.65291
0.37029,2.4512,1.362,1.2085
0.83543,0.3902,1.642,1.0285
-0.52854,1.6634,2.0064,0.72436
-0.034534,2.6507,1.2764,1.4855
0.11023,1.8254,1.8441,1.0684
0.80399,-0.46305,0.15632,-0.040983
-1.1696,1.777,-0.38567,0.65522
-0.41765,1.8065,2.0281,0.39382
-0.88929,2.5839,-0.45747,0.66754
-0.015295,1.634,1.6124,0.78741
-0.3557,0.32263,-0.12318,-0.028224
0.24106,1.9174,0.38411,1.6613
-0.27712,-0.73467,0.1384,0.34174
-0.50886,-0.42789,-0.015894,0.27925
0.063154,1.3481,1.0067,0.50298
-0.21605,1.0897,0.98327,0.85587
-1.0806,1.8288,0.40176,0.80756
0.74649,0.72613,0.84887,0.60491
0.091588,1.564,1.4863,0.99971
-0.65635,2.0883,-0.37723,0.7305
0.581,1.5481,1.3852,0.92646
-0.60716,2.1434,2.2236,0.67791
-0.1652,1.1446,0.11315,0.58545
-0.078312,2.0322,1.1782,1.0833
-1.6174,1.5965,2.512,0.86494
0.12082,1.2706,3.1738,0.29177
0.45661,2.2726,0.72478,1.3198
-1.0026,1.5055,2.95,1.2743
-0.38253,-1.1828,-0.15299,-0.2579
0.061688,1.4262,-0.18962,0.7378
0.37151,0.57062,1.4802,1.6084
0.25984,1.1896,1.0048,1.8272
-0.40043,1.2909,0.6735,0.93197
-1.3144,1.8773,1.7259,0.54334
-0.67221,2.2399,0.86346,0.56437
-0.84626,1.7435,0.04965,0.87494
0.15004,2.0347,0.95993,1.0805
-0.70683,1.8524,2.5908,0.60662
0.062968,0.86196,0.50366,0.050466
0.10193,1.5179,0.70345,0.60907
-0.26726,2.2795,2.0929,0.78998
-1.1559,2.2245,2.0618,0.55743
-0.9932,2.2183,-0.38811,1.1243
0.10784,1.4747,0.26319,0.64056
0.30254,0.13995,0.26454,-0.055932
0.20898,0.09717,0.54174,0.50249
1.2027,1.4709,1.0775,2.0492
-0.68142,0.42812,0.43903,0.87958
-0.67286,2.1291,2.0676,1.4415
-0.27488,2.0694,2.6065,0.77954
0.06324,2.0189,1.5735,1.2467
-0.47312,-0.31738,-0.35677,-0.28653
0.028336,1.1428,0.68159,1.3105
-0.25159,2.2249,1.4655,0.58979
-0.37596,1.4185,0.24947,0.78286
-0.82586,2.1799,0.47946,0.96726
-0.28971,1.433,0.47947,1.3831
-0.68242,1.5463,0.47114,0.79546
1.2081,1.9412,0.85267,2.4366
-1.3705,1.7888,2.0611,0.59568
0.44347,1.642,1.0479,0.33787
-0.9467,1.6051,0.26515,1.1835
-0.28601,2.039,0.81627,0.21058
0.66476,1.76,0.80641,0.38553
-0.33225,1.4743,-0.065724,0.66144
-0.70143,1.2129,0.59483,0.98711
-0.42035,-0.43616,0.10778,-0.26
-0.52713,2.1475,0.17566,1.131
0.328,1.2593,0.79606,0.55447
-1.8233,1.5703,0.15304,0.84275
0.13042,1.7711,1.5081,1.2871
0.01246,2.2035,-0.34217,1.5915
-0.81613,1.7858,2.0039,0.73264
-0.24959,2.5475,0.58914,1.2828
0.26857,-0.60989,0.058749,-0.17542
-0.83886,2.0317,1.3309,1.0457
-0.3979,0.041118,-0.30076,0.48542
-1.4574,1.842,0.50661,1.2922
-0.36645,-1.0562,-0.20605,-0.38753
-0.033126,1.5537,0.31431,0.89048
0.62401,0.28426,0.72743,0.32156
-0.53387,1.8694,0.90359,0.86269
0.52646,1.2761,-0.23445,1.1099
-0.38312,1.472,2.3386,1.0609
0.38781,0.54153,0.42315,0.31499
-1.1622,1.7624,-0.081948,1.1608
0.27038,1.9081,1.266,0.63337
-0.60131,1.413,2.5254,0.96692
0.063692,1.1204,0.50664,0.60337
-0.56006,-1.5586,-0.098607,-0.858
0.41204,0.039327,0.0061219,0.1808
-0.96811,1.6572,1.4202,1.2202
0.46196,2.197,1.4261,0.89987
0.30346,-0.91107,0.23379,0.039361
-0.4218,1.9799,0.75567,0.62391
-0.5344,0.37147,0.5328,0.602
0.024231,-0.16642,0.89299,0.56742
-0.7701,1.6047,0.094845,0.48676
-0.76444,1.7995,0.64399,0.79445
0.60806,0.73587,0.18056,0.12505
0.29852,0.47806,0.24907,-0.2855
-1.0226,2.0539,2.0788,0.88131
-0.49562,-1.3392,-0.022649,-0.75229
-0.87239,1.2611,0.51156,0.16603
0.95705,1.7849,0.9834,1.8892
-0.3502,1.4111,0.50098,0.15985
-0.6684,1.2058,1.5231,0.62424
-0.64216,1.3347,1.0471,1.541
-0.33343,2.0717,1.1426,1.0369
0.030763,0.92177,0.49608,1.0459
-0.71708,1.579,-0.36891,0.80031
-0.63723,1.6238,1.1139,1.2057
-0.7973,1.7047,0.22286,0.28159
0.6589,1.1396,0.65598,0.23984
1.2247,0.18495,0.61809,0.24388
-1.1105,1.4191,0.06575,1.2261
0.51231,1.5102,1.1039,1.2553
0.099162,2.0868,2.1801,0.52652
-1.2752,2.0326,2.1891,0.79542
0.38159,1.543,1.0653,1.1356
-0.94849,0.66546,-0.47917,0.42249
0.15376,1.0013,1.481,1.216
-0.22044,-0.28846,0.26997,0.62601
-0.41912,0.54883,0.23776,0.11491
-0.53839,2.2246,-0.16041,0.4427
-1.3368,1.2921,0.87741,0.97284
-1.4744,1.2126,0.15057,0.45227
2.5393,1.349,0.8911,1.8463
-0.2665,2.0513,1.0895,0.7948
0.55221,-0.26156,0.47388,-0.039405
0.41333,1.004,1.1,0.51224
-1.2249,1.6612,0.033508,0.69399
0.37257,1.2476,1.9435,0.50594
-0.30407,1.1011,0.86065,0.82664
-0.81833,-0.52506,-0.19966,-0.2257
-1.2133,1.8326,1.0469,1.0986
2.2938,1.9352,0.82023,2.2573
0.673,-0.35963,0.20333,0.13313
-0.3557,1.612,0.44848,0.56137
0.94865,2.8218,0.69418,0.91009
-0.66001,1.666,1.0171,0.628
0.76515,0.49726,1.3466,0.18687
0.021981,-0.53955,-0.11673,-0.12572
0.63123,0.71363,0.97045,0.93779
0.55546,-0.54906,0.13743,-0.084851
0.43558,1.7023,0.70746,0.92639
0.2772,0.54399,0.30177,0.0041307
-0.1991,1.5319,-0.18033,1.5162
-1.2104,2.2534,0.39038,0.9283
-1.184,1.1415,-0.34411,0.45081
-0.57048,1.7234,0.92424,1.06
-0.69715,1.8189,-0.042622,0.59279
-0.63137,0.77644,0.94869,1.2097
-0.65156,-1.7299,-0.83545,-0.94197
-1.103,1.528,1.0094,1.179
-0.42627,1.3179,0.54751,0.64615
-1.8806,1.7083,-0.1091,1.4798
-1.2065,1.5862,0.48479,0.31051
-0.22057,1.3082,0.29575,0.2294
0.02497,0.1557,0.79812,0.19872
-0.070562,0.6818,0.75219,0.69541
-0.2613,1.5881,0.18332,1.0228
-0.34298,-1.2402,-0.15891,-0.29689
-1.267,2.0362,-0.16257,1.2306
-0.074801,1.1226,0.20104,1.1259
0.43328,-1.1402,0.61043,-0.2529
0.31048,1.8591,1.3759,0.61956
-0.85336,0.73431,-0.2602,0.22235
-0.2555,1.1506,1.7404,1.0373
-1.5308,1.8698,1.2726,0.80586
-0.71192,1.8169,1.1205,0.9687
-0.16211,-1.2978,-0.19624,-0.45386
-0.6542,2.1196,1.186,1.007
-0.46586,1.9855,2.904,1.1464
-0.36558,2.371,0.22889,0.76131
0.56672,1.0002,0.32198,0.25893
-0.44534,2.3524,1.6209,0.37015
-1.4165,1.847,0.65944,0.63582
0.58461,1.2101,0.77142,1.0365
-1.2034,1.8208,1.0674,0.58379
-0.45228,0.86606,0.16659,0.1658
-0.30737,1.6752,2.6748,0.86378
-0.39391,-1.1881,-0.61103,-0.57518
0.66564,2.2926,1.2269,1.2705
-1.0935,1.8402,0.52187,0.9879
-0.42602,1.3831,1.813,0.74636
-0.11609,2.0392,1.0514,0.74383
0.11994,0.42531,0.032315,-0.05142
0.50925,-0.3092,0.4758,0.61319
2.3951,0.94163,1.0111,0.75682
0.71698,-0.13337,0.062441,0.25269
-0.56384,2,2.2488,0.72181
-0.17457,2.0389,0.77685,0.82075
-0.36037,1.7274,1.7382,0.79482
-0.8605,2.4509,0.23871,1.1664
0.60524,1.2009,2.2134,1.0537
0.0060773,2.0072,1.8788,1.124
1.6435,1.2171,0.60886,1.1773
-0.30532,0.1846,0.1994,0.1661
-0.44537,0.95445,1.081,0.68316
-0.53299,1.6885,0.60859,1.0121
-1.2368,1.3395,-0.092497,0.60404
-0.35103,1.9388,-0.55244,0.67391
-0.7565,1.3865,0.18271,0.23272
-1.4206,1.9555,1.0784,1.2941
-0.90904,0.43496,-0.081295,0.14764
-0.192,-1.2645,0.19497,-0.21998
-0.78974,1.1164,0.55519,0.83072
0.21276,0.27953,1.4505,0.19798
-0.41743,1.9737,1.9221,0.86653
-1.6458,-0.7942,0.28741,0.26129
1.8116,1.6411,1.0021,0.40668
0.063068,1.3786,0.56411,0.92379
-0.17928,1.1821,1.2308,1.0045
0.29073,-1.1123,0.23713,-0.14242
0.25287,1.3555,0.25714,0.5098
-0.54789,1.1825,1.144,1.0015
-1.5637,1.9006,0.51008,0.8923
-0.66918,1.3963,0.36408,0.91381
0.022125,1.9972,1.4724,0.61114
1.096,-0.56006,0.43545,0.10844
0.22113,1.8451,0.43832,0.56927
-0.61624,1.487,0.64195,0.75498
-0.19684,2.1521,1.5018,1.2365
0.30415,0.034216,0.50446,-0.029249
-0.78996,0.27214,0.1943,0.12042
0.32971,2.3981,1.5712,0.79156
1.2081,1.9412,0.85267,2.4366
1.0529,1.9383,0.78575,1.663
0.8399,0.67054,0.72805,0.34846
-1.0383,1.0582,-0.034421,0.64749
0.49269,1.1203,0.59127,0.61036
-0.47502,-0.34478,-0.27814,-0.01927
-0.75638,1.4583,0.58133,0.12189
-0.40527,1.3715,0.83828,0.70204
-0.73032,1.4335,-0.52615,0.82881
-0.78933,2.8469,0.86592,1.1057
-0.24992,2.4173,0.8521,1.0944
-1.1437,1.5538,1.4569,1.4364
-0.33046,1.7256,2.5598,0.90251
0.96648,0.68127,0.982,0.95833
-0.43255,1.9714,0.50865,0.96087
-2.4984,1.5624,0.36645,0.53351
-1.4321,2.3922,1.6397,0.96894
-0.64885,1.2409,0.52327,1.2707
0.16877,2.3747,1.4714,1.2508
-0.78959,1.405,0.17555,0.80367
0.18225,1.0521,0.604,0.11459
0.25012,2.5531,-0.019812,0.79716
-1.2757,1.5581,1.5611,0.572
-0.52724,1.0468,0.9225,0.81091
-0.94712,1.5069,0.72345,1.0544
0.83495,1.6821,1.7674,1.1889
0.10071,1.4947,0.49776,1.225
-0.054242,1.7441,0.63524,1.0675
-0.12714,1.0575,0.78617,0.53699
-0.51732,1.5413,0.88972,0.71428
-0.15929,1.6095,0.90008,0.29886
-0.5902,1.9021,1.198,0.85654
-1.3506,1.2752,-1.7341,0.7881
-1.0804,1.1219,0.86083,0.89036
0.35889,-0.59224,0.017679,-0.081727
0.044753,0.0278,0.56691,0.31429
0.19181,0.038331,0.50431,0.13154
-0.64184,2.2533,0.40035,1.4067
0.0020461,2.0519,1.4282,0.86259
-1.1539,1.4721,1.0704,0.52392
-0.13333,-1.6857,-0.38025,-0.69407
0.3397,-0.7104,0.58095,-0.24493
-1.1732,1.7814,1.3505,1.0904
-0.32286,1.453,0.93763,0.28677
0.78099,0.26661,0.65069,0.1388
0.015022,1.6445,2.1395,1.8535
-0.48589,1.5856,0.22444,1.071
-0.31236,1.0661,1.4594,0.85004
-0.27196,2.5976,1.1075,1.9011
1.079,1.818,0.12735,1.3333
-0.26111,1.8284,1.6857,1.276
0.90883,1.5125,0.99166,0.60803
2.1583,1.0871,0.4355,1.7238
-1.2734,1.7993,0.23441,0.87702
-1.2117,1.965,-0.044668,0.88552
-1.1034,2.6784,0.84469,0.17717
-0.47121,2.1676,0.86223,0.88325
0.78894,0.65334,0.52769,0.3316
0.77397,0.34194,0.39562,0.78471
0.13402,0.25541,0.32018,0.12551
-0.11718,1.5144,-0.87323,0.78022
0.58582,0.6857,-0.27578,0.37058
0.12418,0.16799,0.5131,0.66199
-0.18562,1.2264,0.37731,0.61379
-0.76895,1.4752,0.62835,-0.095005
0.76987,0.31056,0.96264,0.82267
0.226,0.28052,0.038324,0.0028083
0.0023855,1.0728,1.3116,0.054527
-1.9732,1.8167,0.12517,0.96254
0.40439,1.6734,0.99369,0.72334
-1.4566,2.5132,1.8192,1.1172
-0.874,1.0295,0.9624,0.44532
-0.0057216,1.3241,2.1855,1.0462
-0.80282,1.67,0.81728,0.6723
-0.71647,2.353,1.4046,0.32677
0.42628,1.1418,0.69742,0.67369
-0.72082,1.712,1.261,0.79152
2.237,-0.9852,-0.011339,0.33185
0.49564,1.8808,1.4478,0.91245
-1.1321,0.55922,-0.20197,-0.0056034
-1.2121,2.1942,1.7301,1.2144
-0.008933,1.8475,1.0288,1.0065
-0.56455,1.2621,1.4791,0.10971
0.31249,0.47063,0.67721,0.59809
-0.48856,0.67893,0.17471,-0.012892
-0.73304,1.8231,0.47115,1.3573
-0.85085,1.1278,-0.088509,0.6647
0.68147,1.1634,0.54375,1.0565
-0.16559,-1.1376,0.32761,-0.10607
-1.4294,1.1335,1.6992,0.2674
-0.95704,1.5961,-0.51951,0.88898
0.45906,-0.37712,0.1141,0.048965
0.47625,-0.67801,-0.17818,0.092602
0.2522,0.1369,0.059624,-0.13066
-0.023754,-0.6434,-0.3937,0.076149
0.032012,0.66526,0.39011,0.54331
-0.31731,-1.3368,-0.29145,-0.82179
-0.36272,1.4867,2.3367,1.6531
-0.66872,1.2511,-0.36957,0.34023
-1.5995,0.71518,0.51473,0.45113
-1.2067,1.0296,0.14679,0.7524
-0.38481,1.2302,0.41466,0.77336
-0.19979,1.7045,2.1963,0.66063
-0.35956,0.84545,0.43363,0.95984
0.053443,1.7018,1.0377,1.1192
0.53406,-1.0568,0.0074746,-0.40461
-0.36981,1.6802,2.5381,0.66045
0.35608,1.5226,0.64199,1.3319
1.1135,1.2246,0.68086,0.22478
-0.0962,-1.4407,-0.49212,-0.85009
0.10575,-0.22302,-0.19212,-0.27244
-1.2079,2.8126,0.61616,1.4078
-0.79751,0.42361,-0.089192,-0.042413
-1.1162,1.7596,1.6836,0.73349
-0.62414,0.65251,0.23535,0.60932
0.16434,2.2399,0.94999,1.3632
0.94529,0.84387,1.6656,0.65842
-1.7792,1.7506,1.2388,0.70058
0.014705,1.9713,0.38556,1.1879
-0.48833,0.98024,0.066602,1.53
-0.79426,1.7182,-0.071886,0.4009
0.9065,0.011953,0.4742,0.10151
-0.74224,-1.6361,-0.60363,-0.53264
0.014183,0.40808,-0.17767,-0.035372
-1.1605,1.5581,0.77808,0.67506
-0.49188,0.52018,0.25002,0.41911
0.13039,1.1144,0.7108,0.68502
0.26228,0.75347,0.95855,0.58075
-1.2771,1.6799,-0.0042383,1.2792
0.45076,2.2064,1.1293,1.4952
0.16082,1.915,1.9285,0.90453
-0.24803,2.0471,0.16323,0.77567
1.5456,1.0941,0.30445,1.7031
0.11231,-0.75804,0.32279,0.017074
0.51137,1.1687,1.3424,0.61675
-0.046823,0.51538,-0.2496,0.97951
0.32528,-1.2769,0.062527,-0.12722
-0.25898,1.3668,0.84195,0.55859
-0.67968,-1.3482,-0.30217,-0.63387
-0.85405,1.2151,0.92073,0.60579
0.81705,1.6751,1.6071,0.98845
-0.62471,2.7701,1.6903,1.0837
-0.19812,1.8644,1.8806,1.068
-0.5851,1.2646,1.5778,1.3408
0.071214,0.012826,0.48806,0.39003
0.116,2.3245,1.2284,1.1226
-0.010948,2.1408,0.54351,1.0927
-1.0574,1.4118,1.5477,0.2149
-0.38885,0.4544,0.035241,0.28828
-0.059543,1.2906,0.82493,0.17888
0.45146,1.6336,1.0807,0.89758
0.39524,1.2436,1.1932,0.40394
-1.5637,2.4955,-0.21968,0.767
-0.19315,-0.38736,-0.26771,-0.41949
0.080978,0.2231,0.34812,0.14112
-0.16405,1.8294,1.1495,0.66619
-0.735,1.6989,0.065142,1.0862
-0.039181,-1.3527,0.33643,-0.53578
0.14189,1.9738,0.689,0.31239
-1.3598,1.7086,0.39873,0.8839
-1.5855,1.936,0.90975,0.52253
-0.67411,0.25314,-0.039006,0.57033
0.15832,-0.48097,-0.15944,-0.26373
-0.24886,1.803,1.0471,1.171
0.01656,2.2576,1.2502,0.68343
-0.86998,1.106,0.7876,0.32447
0.28141,-0.017986,0.70359,0.041515
-0.16638,2.8759,2.6953,1.1019
-1.1408,0.87088,0.77633,0.069919
-1.1752,2.2155,1.0348,1.1043
-0.13878,1.3658,0.58879,1.0247
-0.37864,1.1625,0.53507,0.88657
-0.98301,2.3598,0.4973,0.44305
-0.82916,1.9094,0.95832,0.87965
-0.76227,0.76378,0.3044,0.38769
0.29965,-1.1395,-0.062309,-0.14512
0.078246,2.4274,0.69019,1.3714
-0.42876,2.1323,-0.0015185,0.72116
-0.47495,1.7629,1.1431,1.0298
-1.2555,1.6805,0.99886,1.0886
0.15132,1.1715,0.94798,0.65255
0.13514,1.9064,0.73141,0.92811
-0.94321,1.603,1.5312,0.91954
-0.084307,1.6705,1.1756,1.2147
-1.3995,1.7844,-0.21253,1.3508
-0.32692,-1.8047,-0.52925,-0.90203
0.079378,1.7263,1.1183,0.82809
0.21171,1.1324,1.3901,1.0559
-0.10833,-0.12908,0.25466,-0.48397
-0.62092,0.66611,-0.17433,0.79994
-0.56046,1.857,0.38921,0.94842
-0.86355,1.7883,0.023311,1.051
-0.47511,1.8406,0.31549,0.93974
-0.44386,2.0347,2.1093,0.96971
1.282,0.62741,1.4271,1.0011
-0.38554,1.2247,1.4149,0.45534
-0.30474,1.317,0.010302,0.21441
-0.51088,1.1007,0.79398,1.4389
-1.402,1.7117,1.7801,1.3799
-0.73948,1.2048,-0.24361,0.82196
0.78939,1.2267,1.5226,0.93445
0.10749,-0.8949,-0.19107,-0.090027
-0.2036,1.0007,0.61876,1.033
0.010012,1.6566,1.0102,1.0965
-0.23583,1.4627,0.91365,0.79862
-0.97924,1.7346,3.4318,0.87118
0.90366,-0.44036,0.62276,0.47503
0.23614,-0.13408,0.12109,-0.1813
1.0337,2.5258,1.0678,1.0039
0.54356,1.8126,0.84685,1.1558
-0.26074,1.4836,2.6056,1.0793
1.0945,0.56939,0.74114,0.10104
-0.39132,1.9615,-0.01903,1.2244
0.28951,1.4503,0.067855,0.86235
-0.0096412,1.7073,1.8298,0.86766
0.61194,1.3057,2.6955,0.90765
-0.40349,1.2394,0.21602,1.3078
-0.59729,0.95777,0.93891,1.1202
-0.20621,0.40336,0.91119,0.90997
0.33566,1.3787,0.85155,0.36957
0.62308,1.1249,1.1733,0.85688
0.45444,0.27844,0.6135,0.49452
-0.674,1.1352,0.69285,0.15684
-0.99134,1.8029,2.1008,0.85382
1.2034,0.20735,1.1101,0.9992
-0.46574,0.94331,0.61125,1.0424
0.25984,1.1896,1.0048,1.8272
-0.94212,2.1616,2.0033,0.39838
-0.35434,-0.65135,-0.47678,-0.57394
0.58304,-0.34946,0.062851,0.076375
0.31079,1.4866,0.51918,0.33249
-2.5285,2.091,0.1335,0.94082
0.0021798,1.3406,0.15865,1.0313
0.45208,1.0688,1.4401,0.71947
0.27897,1.8984,1.8689,1.0781
-0.20734,1.9755,0.89489,0.80354
0.29561,1.995,0.52097,0.34369
-0.57319,1.1722,-0.43829,0.23012
-0.97916,0.89093,1.8831,1.339
-0.29893,1.4098,0.61131,1.1041
-0.6335,1.4652,2.6868,0.50614
-0.19533,1.6761,0.82884,1.0403
1.0237,1.6847,0.57322,0.72615
0.65918,2.2273,0.38591,1.1755
0.16503,1.3515,0.7851,0.047368
-0.26809,2.4028,1.6053,0.97189
-0.1278,-0.080533,-0.22438,-0.18557
-0.99655,-1.6911,-0.68134,-0.91401
-1.1511,1.6192,0.38494,0.56125
-0.72216,2.3036,0.71018,0.71451
-0.15497,1.1141,0.53658,0.65926
-0.91854,1.4726,1.2972,0.64192
0.35223,-0.76871,-0.10001,-0.44245
0.61083,1.8726,1.6496,0.64671
0.80077,1.6751,1.1586,0.63497
0.44855,2.1849,0.84519,1.3864
-1.0521,1.2319,0.26959,0.202
-1.05,1.2072,0.70418,0.46426
-0.61864,1.4152,2.1053,0.56576
-0.42546,1.7648,2.1295,0.93003
-0.94567,1.4193,0.090479,0.65189
-0.3332,1.9915,1.0539,1.1436
-0.25374,1.0259,1.1828,0.89233
-1.4791,2.2826,3.4755,1.2216
0.48721,1.5409,0.51151,1.3413
-0.075495,0.16209,0.10758,0.083233
-1.2487,-0.62019,-0.27248,0.16717
0.019856,0.32824,0.70217,0.36056
0.094029,-0.048932,0.092711,-0.20571
-0.54689,1.8482,0.20116,0.80498
-0.4623,1.5259,0.75155,0.69843
0.31514,1.9862,1.5061,0.84508
0.25123,0.71285,0.085349,0.30449
-0.9622,1.0531,0.54037,0.4267
-0.11072,1.5522,0.43788,0.98518
-0.96709,1.9594,0.83483,0.86776
-0.60707,0.7896,0.51279,1.068
-0.26724,2.3406,0.81896,0.93734
0.10768,1.2166,0.70001,0.33315
-0.18737,2.0077,0.9241,0.46249
0.049851,0.75959,0.3768,0.68237
0.11372,1.3511,0.81072,1.0759
1.2589,0.96972,1.0474,0.93788
-1.1704,1.4146,1.1156,0.66247
-0.53311,2.548,2.0383,0.97029
-0.841,1.1837,-0.75377,1.311
0.29083,1.0845,0.52646,0.263
0.22137,1.7571,1.3416,0.5915
-0.5184,1.6769,2.4399,0.95408
-0.74196,2.2606,-0.20067,1.0334
-0.012234,2.2236,0.96191,0.52033
-0.39155,1.2943,1.1022,1.0411
0.50286,0.34746,0.81734,0.80666
-0.38308,1.5673,0.47102,0.45827
-0.549,1.8253,1.0865,0.4172
-0.29008,-1.0369,-0.64192,-0.54405
0.10183,-1.0483,-0.17994,-0.37704
1.5639,1.2718,0.66345,1.8462
-1.204,2.0152,0.14465,1.4171
0.28294,1.4643,1.458,0.6743
-1.193,1.6696,0.46637,0.77583
0.81283,1.9963,1.5643,1.1913
0.021914,-0.89861,-0.13952,-0.13496
0.046341,-1.248,-0.23147,-0.26798
-0.84738,1.9335,1.4349,0.39287
-0.47323,1.3874,-0.77603,0.57353
0.072235,0.71523,0.56844,0.16701
-2.2081,2.0103,0.49195,0.26153
-0.47585,1.6885,2.0826,1.3579
0.89994,0.40462,0.87069,0.68107
-0.52031,1.6169,0.29452,0.72212
0.21893,2.7902,1.2619,1.1889
0.2685,2.1083,0.42855,0.81678
-0.10917,1.2942,0.45551,-0.099757
-0.13259,0.51618,1.5193,0.59626
-0.49154,1.5355,0.4203,1.0691
-0.80639,1.1132,0.55102,0.54632
-0.98807,1.5659,-0.61593,0.72507
-0.26081,2.2319,1.1857,1.1036
-0.15364,2.3583,1.4138,2.1878
0.82005,1.7416,1.032,1.0983
-0.65799,2.9249,1.3095,1.5923
-0.20215,-1.0637,-0.44126,-0.75635
0.79252,1.7209,-0.0066745,1.0854
-0.10149,1.7271,-0.22665,0.99614
-1.2831,1.3018,0.34174,0.16602
0.53849,-0.75923,0.25141,-0.010096
-0.39726,0.86524,1.8167,0.38489
-0.43708,0.049232,-0.36473,-0.2251
-1.059,0.94858,1.4427,0.47154
-0.0045804,1.2374,0.99355,0.048476
-0.44289,1.9858,0.24861,0.97396
-0.85868,1.7835,-0.1252,1.5314
-0.42256,2.0368,0.71345,0.5775
0.66719,2.0953,1.1133,0.06184
0.1209,1.7356,0.78118,0.65615
-0.95212,3.1422,0.14824,0.91817
-1.4782,1.7727,-0.48071,1.7168
-1.127,1.2569,0.31726,0.63307
0.23207,-0.79866,0.1207,0.039232
-0.93708,1.165,0.68337,0.70417
-0.44566,0.050072,-0.19238,-0.083693
0.17027,1.8383,0.94217,1.9354
-0.33453,0.92926,-3.301,1.2715
-0.66103,1.919,0.19067,1.2427
-0.82933,-1.4274,-0.43476,-0.69534
-0.2979,1.8804,2.3638,0.58659
0.37233,-0.9138,0.20207,-0.12863
0.10462,0.7477,0.5198,0.72836
-0.42286,0.96684,0.56781,1.054
-0.022237,1.2844,-0.8311,0.94992
-1.1902,1.1317,0.12388,0.81759
-0.1916,0.93032,0.62936,0.47232
-0.34899,2.344,0.44277,0.64512
0.69328,1.5776,1.1774,1.1835
-0.26915,1.5726,0.67694,0.95152
0.52286,0.4882,1.131,0.68803
0.96554,2.1099,1.3462,0.75753
-0.82432,2.1163,0.91084,1.0164
-0.96001,1.4878,0.48272,0.21832
-1.0583,0.91356,0.24103,0.27131
-0.60986,1.1787,1.7876,1.2714
-0.85868,1.8089,1.2886,0.77778
-0.8222,1.6976,0.39157,0.7949
-0.38463,0.65264,0.57776,0.55099
0.12603,-0.84992,-0.055869,-0.30275
0.19334,-1.2394,-0.20678,-0.25375
0.9312,1.344,1.3563,0.5857
-0.76259,1.4737,-0.30687,0.83622
-1.0109,1.6864,1.2729,1.049
-1.0371,2.0409,-0.11303,1.6621
-0.012713,0.085927,0.11999,0.12501
-1.235,1.3088,0.065439,0.55945
-0.26924,2.2141,1.6189,0.79881
-0.87419,1.8799,0.80282,0.44428
-0.96235,1.6546,0.21639,1.0555
1.0703,0.80974,0.54429,0.09016
0.56711,1.9719,2.0006,0.84653
0.4752,1.5215,0.10117,0.83686
-0.30082,-1.3754,-0.18028,-0.58137
0.062654,1.169,0.58736,0.78172
0.87728,1.0717,0.92177,1.7406
-1.8023,2.4259,0.36313,0.82259
-0.026414,0.27492,0.44037,0.21408
-0.14129,0.7629,1.1531,0.10443
-0.3696,0.601,0.10648,0.1019
0.30543,1.232,1.4547,1.2591
-0.36398,1.4816,0.9231,0.93604
-0.31302,1.8679,1.6019,0.85613
0.6492,0.83532,0.37897,0.15089
-0.06961,-0.89524,-0.38818,-0.41731
-1.3214,1.7314,2.0533,0.46158
1.0837,1.589,1.7567,1.0211
0.63171,0.14517,0.47132,0.24781
-0.066719,0.82605,0.29635,0.22287
-0.17575,1.2199,0.59776,0.6929
0.22977,1.6332,0.7973,1.3378
0.22335,0.08914,0.12314,0.45302
-1.0567,1.6958,0.041504,0.96966
0.19285,2.3148,1.1442,0.41
0.012482,2.4699,1.268,0.65066
0.57094,1.5534,1.087,0.76525
-0.12576,2.0082,0.67119,1.2387
-0.75928,1.0768,0.50624,0.46519
-0.71776,1.5996,1.1406,0.94586
-0.58139,1.8664,1.0068,1.2574
0.033471,2.2572,0.41854,0.99406
-0.69886,2.2947,1.6382,1.1497
-0.85392,-0.37593,0.22302,-0.63856
-0.33493,1.6961,0.94228,0.62753
-0.2075,1.6129,-0.75335,0.94875
0.79866,0.012052,0.63714,0.54948
0.96467,1.3419,1.7933,0.79528
-0.52663,-1.1889,-0.50879,-0.64885
-0.30202,1.697,1.1347,1.0079
1.1262,0.40911,1.1724,0.84026
1.6115,0.47318,0.99149,0.91796
-0.33977,0.35532,0.31508,0.59615
0.081182,0.9822,-0.053181,0.58938
-0.63936,1.8997,0.61433,1.3788
-0.053562,-0.059704,0.06317,0.46449
-0.004433,1.2059,0.50879,0.44931
-0.40305,-1.2637,-0.66812,-0.56678
-0.34734,1.1285,0.24391,-0.09755
-0.5312,2.1511,2.5321,0.8943
-0.17944,1.5008,0.91137,0.88447
0.14127,1.969,0.23307,1.1114
-0.74703,1.3501,-0.19086,1.0302
-0.15701,0.76218,1.5134,0.44987
-0.70703,-0.49346,-0.37878,-0.33981
0.53194,1.5497,0.99322,0.49718
0.28721,2.0616,-0.35075,0.70866
-0.95496,1.4123,-0.092861,0.20132
0.99096,1.8863,0.9754,1.2536
-0.2784,0.25044,0.072389,-0.042045
-1.2203,1.567,2.7666,1.0989
-0.74796,1.5184,0.82652,1.023
-0.6764,1.2521,1.5361,1.37
-1.0175,2.3655,0.18727,0.74975
-0.0046232,2.3209,0.93117,0.74864
-0.10406,1.7141,1.7182,1.0764
1.1889,0.88016,1.4651,0.73933
0.23462,-0.78687,-0.49501,-0.38335
-0.87548,2.5808,1.1553,0.94173
0.20879,0.89507,0.50816,0.51497
-1.0286,1.9582,1.7293,0.39927
0.49192,0.92752,0.98539,1.0701
-0.60283,1.7295,1.25,0.55337
-0.6488,1.8166,1.9615,0.1019
-0.089751,2.2761,1.1468,0.39276
-0.39183,2.7911,0.64155,0.73763
-0.21953,1.3544,1.939,0.63993
-0.3624,1.2925,0.54692,0.49868
-0.93634,1.7767,0.48685,1.0162
0.52734,1.518,0.4251,0.6918
-0.28419,1.4973,0.26398,0.70439
0.50436,1.4885,0.8905,0.88584
-0.69274,0.42064,0.011802,-0.3538
0.33987,-0.15764,-0.02717,0.064303
0.45813,1.8279,0.8519,0.20723
-0.68176,1.2236,1.4144,1.2089
0.64567,0.69137,1.1628,0.88519
0.43263,1.477,1.466,1.0073
0.14665,1.2829,1.1021,1.1469
-1.4237,1.8012,2.116,0.66455
-0.27019,1.5058,-0.17875,1.6295
0.053574,1.5204,1.29,0.549
-0.79935,2.327,0.86813,1.195
0.49213,-0.22153,0.28509,-0.052779
0.24572,1.6314,0.84934,1.0004
-0.057125,2.0235,0.52869,1.1933
-0.84887,1.5026,1.5037,1.2641
0.20616,1.7765,0.77949,0.95304
-1.3278,1.6381,1.4145,0.6291
-0.88042,0.96303,-0.34516,0.83887
0.12429,2.0791,0.72205,0.59013
