  -1.3621911e-01   1.7365174e+00   4.3243670e-01   6.4667599e-01
   7.2272099e-01   1.9534179e+00   1.5692613e+00   9.7261831e-01
  -6.8152707e-01   1.5508826e+00   1.2573650e+00   1.1375569e+00
  -6.5825457e-02  -1.1793895e+00  -6.6479758e-02  -5.9099541e-01
  -2.4932321e-01   1.4072087e+00   2.9364561e-01   6.5370681e-01
   1.9560416e-01   1.3515500e+00   1.1389503e-01   1.2642572e+00
  -6.2498595e-01   1.5699246e+00   2.2314115e+00   1.3322861e+00
  -6.2788069e-01  -1.1715361e+00  -4.7585138e-01  -1.0012557e+00
  -6.0800941e-01  -9.1970661e-01  -1.3778214e-01  -2.6902934e-01
   9.1693127e-02   4.7701566e-01   7.1238219e-01   3.0474136e-01
   8.4163618e-01   2.3696430e+00   8.2111789e-01   9.4872234e-01
  -1.1995648e+00  -5.6900436e-01  -4.2465911e-01  -9.3624685e-02
  -3.4173022e-01   1.2851650e+00   3.2514876e-01   4.8041735e-01
   2.9046187e-01  -2.1305469e-01  -3.4213593e-02   3.6011189e-02
   1.9046271e-01   1.7642558e+00  -4.7945355e-01   1.1548244e+00
  -6.9085580e-01   1.5709141e+00   1.1703597e+00   8.1421199e-01
   1.5745279e-01   2.3430336e+00   1.0940451e+00   7.6245223e-01
  -9.4289632e-01   1.8947400e+00   1.2938641e+00   1.0023141e+00
  -2.0140189e-01  -5.0553012e-01  -2.0010287e-01  -2.7684372e-01
   1.0205171e+00   5.7982029e-01   5.8405653e-01   2.5823718e-01
   2.4014110e-01   1.5352994e+00   9.9614520e-01   8.5222302e-01
  -3.2344790e-01   1.1121948e+00   2.0466812e-01   5.3706501e-01
  -1.9425694e+00   1.6479160e+00   6.9379113e-01   7.8281021e-01
  -2.9099180e-02   1.0712504e+00   2.5841976e-01   4.2109654e-01
  -7.6419643e-01  -1.8222253e+00  -5.6662579e-01  -6.6025594e-01
  -1.7494235e-01   2.1330395e+00   2.0438766e+00   1.3332464e+00
  -3.3096198e-01  -4.5161293e-01  -5.7309807e-01   3.5167791e-01
  -5.4893703e-01   1.6581416e+00   9.9042113e-01   5.7439269e-01
   4.8667047e-01  -8.9069225e-01  -1.1593737e-01   5.0602193e-03
  -4.2510177e-01  -5.3093006e-01  -5.6335583e-02   5.5200269e-01
  -3.8565637e-01   7.0750166e-01   5.3924969e-02   4.4911470e-01
  -1.0751046e-01   1.3221258e+00   1.1274227e+00   7.3310815e-01
   1.0698420e+00   1.3079485e+00   7.0215600e-01   1.2185025e+00
  -3.9167473e-01   1.1617773e+00   5.8133907e-01   4.8896772e-01
  -3.8213646e-01   7.1645863e-01  -2.9458290e-01  -2.2191931e-01
   6.4777878e-03   2.0101487e+00   1.3592698e+00   1.1376951e+00
  -8.9150757e-01   1.3684284e+00   1.8073178e+00   7.0792867e-01
   6.3275407e-03   1.9244821e+00   1.0527150e+00   5.5265448e-01
   6.5822358e-01   1.3874358e+00   6.0348443e-01   1.1340380e+00
  -3.6422694e-01   1.5574911e+00   7.2584716e-01   9.1328587e-02
  -5.9853825e-01  -5.9828503e-01   1.0407970e-01   4.8399502e-01
  -6.2305562e-01  -1.4289199e+00  -4.2621201e-01  -3.8725581e-01
  -4.8229520e-01   1.9804228e+00   2.3646585e-01   4.4768754e-01
  -7.5785483e-02   2.1914158e+00   1.1567412e+00   4.9950940e-01
  -1.0049748e-01   1.3694390e+00   1.0027326e+00   6.4086771e-01
  -3.3833982e-01   1.5608712e+00   2.1350504e-01   5.6096982e-01
  -4.3971568e-01   1.9690410e+00   1.2314390e+00   5.6470228e-01
  -4.0100882e-02   1.2581639e+00   6.2031887e-01   1.7771556e-01
  -9.8330948e-01   1.2634900e+00  -1.1506763e-01   3.6676149e-01
  -2.1462635e-01   1.6621265e+00   7.1316551e-01   8.5298260e-01
  -2.0414501e+00   2.0548357e+00  -9.4683246e-01   9.1465843e-01
  -1.9519445e-01   1.6805212e+00   7.7177400e-01   1.0036763e+00
   3.8712012e-01  -6.1618050e-01  -1.4230665e-02  -4.4446872e-02
  -3.6933067e-01   1.7156024e+00   1.0215743e+00   5.2944295e-01
  -7.0346686e-01   1.5013870e+00   5.3257388e-01   9.4502866e-01
  -2.3504441e-01   2.0970958e+00   1.3999707e+00   1.2518130e+00
   3.8281699e-01  -2.3328917e-01   8.3244223e-02   1.1803877e-01
   6.0320939e-01   2.0386456e-01   7.1022502e-01   2.6661779e-01
  -3.7125507e-02   1.4802550e+00   5.0455129e-01   6.0623612e-01
  -1.6731125e+00   1.7031603e+00   1.6302549e+00   1.1059747e+00
  -4.0738337e-01   4.9138811e-01   7.5712688e-01   6.7799990e-01
  -4.7296901e-01   1.2221705e+00  -4.7230888e-01   4.6778163e-01
  -5.2700337e-02  -1.0155991e+00  -2.1799812e-01  -1.0513114e-01
   8.1365091e-03  -8.1673473e-01  -1.4312103e-01  -5.0103408e-01
  -3.1034510e-01   1.5884138e+00   1.4940329e+00   6.2924929e-01
   2.8576990e-01  -7.7300444e-01   1.0160495e-01  -3.0011710e-01
  -6.4633542e-01  -7.1586472e-01   2.4964161e-01   6.9280301e-01
  -1.5205127e+00   2.1636466e+00   1.6640017e+00   6.8978644e-01
  -1.3279775e+00   1.7496684e+00   7.2437640e-01   6.4597878e-01
   8.5971685e-02   1.8939909e+00   5.8770105e-01   6.9429600e-01
  -2.8184511e-01   1.6387215e+00  -3.4862251e-01   1.1528211e+00
  -9.1488699e-01   1.0367974e+00   1.5854914e+00   9.3011223e-01
  -1.3097320e+00   2.1679370e+00   4.5388162e-01   1.6025316e+00
   6.2777419e-02   1.7058111e+00   1.2119831e+00   4.9425499e-01
   4.4885634e-01   1.9405136e-01   5.4219908e-01   5.4306978e-01
  -4.5116165e-01   2.0500593e+00   2.3080638e+00   9.4784162e-01
   1.1168802e-01   9.9109860e-01   9.4540531e-01   1.0399114e+00
  -6.0968124e-01   2.2089146e+00   2.3121918e+00   9.3358561e-01
   2.0412658e-01   2.4474477e+00   7.5858281e-01   9.9283081e-01
  -8.3351899e-01   1.1080736e+00   1.4473690e+00   7.1106766e-01
   2.6877643e-01   8.1061866e-02   4.8927678e-01   2.1404445e-01
   2.0225453e-01   2.2618504e+00   1.8631914e+00   1.0795177e+00
  -2.6922244e-01  -4.3544324e-01  -7.1130717e-02  -1.4296111e-01
  -5.9647798e-01   1.2294907e+00   1.3377912e+00   7.9873541e-01
  -1.1229154e-01   2.5091494e+00   1.1121211e+00   7.6874601e-01
   2.9150062e-01  -4.6184944e-02  -1.7573476e-01   2.5270083e-01
   7.3605983e-01   7.7470413e-01   5.7579114e-01   5.2132363e-02
  -8.8515837e-01   1.7430751e+00   3.4773666e-01   7.3097385e-01
  -3.7102431e-01   2.8948849e+00   1.2289512e+00   1.2264598e+00
   2.5392690e+00   1.3490125e+00   8.9110300e-01   1.8463365e+00
  -6.9785598e-01   1.8634887e+00   1.6280826e+00   9.0129062e-01
  -1.0903698e+00   1.2188395e+00   1.2856384e-01   1.1167960e+00
  -2.2023789e-01   1.5510353e+00   1.4791293e+00   4.3104049e-01
   4.5695248e-01   1.8893258e+00   7.6214639e-01   9.9422566e-01
  -8.2929816e-01   1.6926927e+00   1.0523419e+00   8.0178405e-01
  -5.3036182e-01   1.0706288e+00   4.0452160e-01   4.6836789e-01
  -1.5242259e+00   3.3352382e-01  -1.6016516e-01   4.3809323e-01
   2.0988658e-01  -6.8781673e-01  -2.5367283e-01  -3.9460107e-01
  -3.4177684e-01   1.0118937e+00   1.1337368e-01   7.5016860e-01
  -8.1156856e-01   1.1259213e+00   3.2514863e-01   8.9519712e-01
  -4.1540066e-01   1.5740218e+00   1.7851558e+00   9.1003505e-01
   1.2689445e+00  -5.7809588e-01   5.8462059e-01   3.0476735e-01
   7.0168175e-01   2.0939227e+00   1.5552263e+00   7.2677648e-01
  -1.6740138e-01  -9.6634804e-01  -2.9403686e-01  -4.7918067e-01
  -2.5602589e-01   5.8433977e-02   8.9025996e-01   8.9912635e-02
   5.2737038e-01   2.0140238e+00   4.5931888e-01   1.0287212e+00
  -1.2663022e-01   1.9275179e+00   6.8257825e-01   3.1478132e-01
  -4.1373260e-01  -8.0671522e-01  -1.0948381e-01  -4.3455379e-01
  -8.4503801e-01   1.0903303e+00  -7.8932077e-02   2.7976315e-01
  -6.4089035e-01   9.6992595e-01   1.8795252e-01   1.1438142e+00
  -3.5420236e-01   1.1946682e+00   1.8729731e+00   4.1290507e-01
  -9.0081884e-02   1.7742360e+00   3.4972020e-01   7.0455271e-01
  -4.4030864e-01   1.8025076e+00   2.0960167e+00   5.6367790e-01
  -7.3950445e-02   1.6722684e+00   1.3064700e+00   8.6196732e-01
  -8.1757646e-01   1.5709133e+00  -6.0898339e-03   1.3550863e+00
   2.7378675e-01  -7.7105079e-01   4.9101165e-01   4.2927219e-01
   1.6498299e-01   6.1136082e-01   6.7766019e-01   6.1224845e-01
  -1.8336284e+00   1.4687568e+00  -1.0686179e+00   1.2077961e+00
  -8.1887119e-01   2.0978026e+00   1.3024746e-01   7.3059869e-01
  -9.7896987e-01  -1.2249922e+00  -2.9947426e-01  -1.2493828e-01
  -3.1256405e-02   1.4040392e+00   6.0382690e-01   1.0189363e+00
  -6.9376517e-01   1.5051075e+00   1.6590996e+00   8.4076197e-01
  -5.4872714e-03   1.2897596e+00   1.0869900e+00   4.0859662e-01
  -6.3748280e-01  -1.4360129e+00  -6.7312880e-01  -5.0593169e-01
   2.4094992e-01   1.4544764e-01   2.0239485e-01   4.9432499e-01
  -1.0288662e+00   1.6489355e+00   9.3354485e-01   9.6150501e-01
  -5.1075898e-02   3.1230946e-01  -4.4487403e-01   2.6955949e-01
  -2.7288882e-01   2.7475482e-01  -3.2337136e-01   4.6192400e-01
  -1.7429693e+00   1.1305783e-01   6.7252546e-01   3.8479349e-01
   2.1728090e+00   1.6632115e+00   5.1915800e-01   6.2251150e-01
  -6.9908801e-01   1.9575904e+00   1.0489883e+00   7.9848570e-01
  -7.8277409e-01  -6.8111192e-01   5.9444117e-01   1.4401360e-01
   8.6834727e-02   2.8384448e+00   1.6814365e+00   9.0002310e-01
  -3.2003732e-01   3.7976660e-02   3.3308207e-01   3.6550201e-01
   1.0629726e-01   6.5748080e-01   3.0241854e-01   3.1015060e-01
   2.9843853e-01   1.3224172e+00   1.6922476e-01   6.9194667e-01
  -3.1390990e-01   1.5944199e+00   1.3754112e+00   7.5632163e-01
  -5.3057417e-01   2.0249904e-01   1.4480780e-01   5.1749572e-01
  -6.7876971e-02   1.1860665e+00   8.3333548e-01   1.0260745e+00
   3.5705220e-01   1.4893596e+00   5.8273612e-01   5.3746761e-01
  -5.1775322e-01   1.5859810e+00   1.4644848e+00   8.9920789e-01
  -1.9124841e-01   2.7810959e+00   7.7624455e-01   8.9046622e-01
   1.2585901e-01   2.1810520e+00   6.9820035e-01   1.0972867e+00
   5.2925332e-02  -8.9284577e-01  -5.5292254e-02  -3.1875087e-01
  -3.7005721e-02   2.0100280e+00   2.8032402e+00   6.8749055e-01
  -8.1000828e-01   1.9242247e+00   1.6697888e+00   8.3677287e-01
  -9.0990321e-01   2.3680300e+00   1.9158287e+00   1.1059470e+00
  -8.3794259e-01   1.6937020e+00   2.0980480e-01   1.5458392e+00
   2.8557236e-01  -7.9573950e-01  -1.0431325e-01  -2.8765541e-04
   8.8820700e-01   1.2986715e+00   1.6553270e+00   2.6140850e-01
  -6.9753567e-01   2.6576540e+00   1.3944234e+00   9.0854599e-01
  -7.2106997e-01   1.7320181e+00   1.0843921e+00   6.2550049e-01
   4.5290200e-02   1.1955147e+00   1.8386398e-01   7.1936353e-01
  -2.9340253e-01   2.0431872e+00   8.9968793e-01   9.3861369e-01
   1.6433574e-01   1.3344314e+00   1.3035627e+00   6.3517870e-01
  -8.0425459e-01   1.5593423e+00   1.4063944e+00   6.3678162e-01
   3.0486120e-01  -2.2686950e-01  -2.1985747e-01  -2.2273430e-01
  -6.6477847e-01   1.5723966e+00  -3.5323236e-01   5.7795613e-01
  -1.5249713e+00   7.8096899e-01  -1.9945816e-01   4.1795941e-01
  -1.1256991e+00   1.5617864e+00  -4.1431129e-01   8.9475009e-01
   6.4604302e-01  -9.5928055e-02   1.2303560e+00   6.6121533e-01
  -5.3021601e-01   1.0722129e+00   1.0917877e+00   1.1652553e+00
  -4.2583023e-01   1.5909965e+00   4.1435947e-01   6.9487739e-01
  -5.7983279e-01  -1.1740105e+00  -7.2162298e-01  -5.8171859e-01
  -1.5490948e-01   1.7961780e+00   1.2688021e+00   9.0523675e-01
  -1.1640012e+00   1.2969596e+00   4.0248298e-01   1.1456650e+00
  -3.1810643e-01   4.6069759e-01   8.1197750e-01   2.5224006e-01
  -3.9832585e-01   1.8828619e+00   1.0121088e+00   1.1015999e+00
  -6.1773932e-01   1.6710219e+00   4.5893452e-01   4.7937374e-01
   2.3346521e-02   8.5567173e-01   4.7746849e-01   8.2275192e-01
  -1.1640286e+00   1.2846991e+00   5.8778665e-01   5.1978681e-01
   4.1066089e-02   8.8217548e-01   8.6684522e-01   7.4938928e-01
   2.0588298e-01   6.5849669e-01   2.9461851e-01  -4.5508931e-02
   7.3808862e-01   1.7351332e-01   6.3737632e-01  -2.3180588e-02
   5.1886779e-01   6.7662711e-01   4.6147482e-01   6.6033855e-01
  -1.4060286e-01   1.9360897e+00  -1.2897633e-01   1.2419943e+00
  -3.5133418e-01   1.0470161e+00   2.0130153e-01   4.3942551e-01
   1.2593044e+00  -1.4860386e-03   7.4951690e-01   5.1618393e-01
   6.5623931e-01   2.5973356e-01   4.5612377e-01   7.3727866e-01
  -2.8150703e-02  -3.3947474e-01   5.2177221e-01   2.6354775e-02
   2.7994750e+00   2.1919865e+00   1.8397720e+00   7.8999750e-01
  -7.9128553e-01   2.1075697e+00   1.6259948e+00   1.2902552e+00
   2.5900450e-01   1.8122270e+00   8.5354262e-01   9.1924043e-01
   2.7608294e-01   1.4880784e+00   8.9511736e-01   8.7512499e-01
   1.1217995e-01   1.5855515e+00   8.0980492e-01   8.2973153e-01
  -4.3438467e-01   1.7757141e+00   5.7227339e-01   1.2968608e+00
  -8.0340982e-01   1.2095108e+00  -2.8962527e-02   6.0092711e-01
   6.2072850e-02   1.7862290e+00   9.3364698e-01   6.8665601e-01
   8.5387400e-01   1.5121945e+00   1.9222250e+00   8.5797150e-01
  -1.2056662e+00   1.5353443e+00  -8.0988303e-01   4.7728344e-01
  -4.8679090e-01   1.9260603e+00   3.4452942e-01   8.7998604e-01
  -9.4034744e-02  -3.5522788e-01   3.9610613e-01   1.4867056e-01
  -3.6199434e-01   1.9507051e+00   2.8318180e-01   8.7322073e-01
  -5.3367557e-01   7.6944367e-01   5.3797339e-01   9.9195416e-01
   1.7111926e-01   1.1102491e+00   2.4490307e-01   6.6295218e-01
  -5.9187798e-01   2.0187746e+00   3.5611969e-01   8.2731029e-01
  -1.6804937e+00   1.2654210e+00   1.3117474e+00   8.1793884e-01
   1.9993300e-01   1.4296415e+00   5.1447700e-01   1.7098175e+00
  -1.6424469e-01   1.5031669e+00  -3.8326100e-01   1.4621102e+00
  -1.6206448e-01  -3.5803925e-01  -4.4059390e-02  -3.1635033e-01
  -8.0951838e-02   5.6317281e-01   3.7968604e-01   6.1145046e-01
  -5.7000383e-01   1.5782508e-01   1.9135481e-01   4.5283510e-01
  -5.9271356e-01   1.7762309e+00   8.5980142e-01   4.6621153e-01
  -4.2958988e-01   1.7935059e+00   1.5333947e+00   6.2875775e-01
  -1.5145602e+00   1.4275006e+00  -4.7634529e-01   7.1381025e-01
  -5.5007290e-01   3.1732250e-01   5.6176717e-02   7.8343692e-01
   1.6724797e-01   1.3018992e+00   1.9023340e-01   5.7119588e-01
   5.5770676e-01   1.6302215e+00   1.1052650e+00   7.3762570e-01
   8.2438658e-01   1.1651153e+00   1.1170676e+00   1.4601752e-02
   4.3294918e-01   1.8756983e+00   1.0731544e+00   7.7067973e-01
  -5.6091732e-01   1.9039702e+00  -3.7272660e-01   1.7510323e+00
   4.8028780e-01   2.4894493e+00   1.6384637e+00   9.3075617e-01
  -2.1654040e-01   6.2033633e-01  -2.6345266e-01  -1.9648875e-01
  -1.2491920e+00   1.4451475e+00   3.7961548e-02   1.1948723e+00
   1.1297290e+00   1.3488185e+00   1.6875660e+00   4.6598750e-01
  -1.2747478e-01   1.4136649e+00   4.1175520e-01   4.0057927e-01
  -7.6450933e-02   1.8718366e+00   1.4525879e+00   5.8845672e-01
   9.9209132e-01   8.0166363e-01   1.0982747e+00   5.6141358e-01
  -4.6338285e-01   1.2589771e+00   1.4377649e-01   6.3394338e-01
  -6.8621506e-01   2.0334232e+00   1.1664480e+00   6.9995848e-01
  -1.0130625e-01   1.2133201e+00   4.4180150e-01   9.5878004e-01
  -4.8556298e-01   1.3215159e+00   3.6246429e-01   5.9181757e-01
  -1.8356160e+00   1.4884201e+00   2.7388172e-01   1.0209522e+00
  -5.3113359e-01   1.9601325e+00   3.9261038e-01   2.5776698e+00
  -1.6485259e-01   2.2717403e+00   1.2653734e+00   1.0077467e+00
  -6.0725757e-01   2.3155223e+00   1.9893281e+00   4.9816056e-02
   1.3230940e+00   1.7325165e+00   1.4764020e+00   5.9784650e-01
  -7.1850744e-01   1.4284966e+00   4.9028364e-01   3.5083222e-01
   1.2565333e+00   1.2687154e+00   1.1609107e+00   4.0840790e-01
  -8.0877753e-03   1.3124822e+00   7.3882105e-02   8.6085053e-01
  -3.0720112e-01  -1.3859031e+00   7.9429490e-02  -2.1991184e-01
  -5.5933551e-01   2.0395738e+00   1.4312840e+00   5.9199514e-01
  -9.4587765e-01   1.6109243e+00   3.2884918e-01   1.2826132e+00
   9.0466876e-01   3.0671266e-01   1.0205786e+00   6.3766977e-01
  -2.7416010e-01   1.2684347e+00   3.3154543e-01   6.5942410e-01
  -1.0405435e+00  -7.5146321e-01  -6.1737353e-01  -1.7025408e-01
   7.1677600e-01   1.6641585e+00   6.6602300e-01   1.4738135e+00
   1.0340303e-01  -1.0588621e-01   9.5773145e-02  -7.9750620e-02
   7.8649425e-01   5.1740710e-01   1.2414932e+00   1.5343478e+00
   2.1192681e-01   2.1220803e+00   3.1343666e-02   1.9217078e+00
  -5.5551600e-01   2.2105817e+00   1.7881979e+00   9.9496331e-01
   3.5333900e-01   9.8566508e-01   1.6470581e+00   1.1996609e+00
   3.0532555e+00   1.6137999e+00   2.2320412e-01   3.5312878e-01
   3.8035911e-01   1.8361196e-01   2.4761019e-01  -1.3993319e-02
   5.3457158e-01   1.7023642e+00   4.9074541e-01   1.3933298e+00
   6.0261900e-01  -2.0933700e-01   1.5580190e-01  -7.2286004e-02
  -4.9065789e-01   1.2512708e+00   1.7481432e+00   6.8480555e-01
  -7.6460622e-01   1.7098457e+00   9.8617760e-01   1.4765476e+00
   1.5745330e-01  -7.2261554e-01  -4.5467891e-02   7.4022351e-03
  -1.2035731e+00   1.4594459e+00   9.2136446e-01   3.6170722e-01
  -1.1728887e+00   9.7729410e-01   1.0339377e+00   9.6210636e-01
  -7.5997456e-01   1.7268618e+00   1.9513123e-01   1.2151084e+00
  -1.8755735e+00   1.8594862e+00  -3.2445216e-01   1.5955600e+00
  -4.4623339e-01   1.8130422e+00   1.2815040e+00   1.0468087e+00
  -8.9387807e-01   1.9072238e+00   9.0330109e-01   9.2246536e-01
   6.0133055e-01  -9.7880945e-01   2.1708299e-01  -1.8025031e-01
   5.5904403e-01   2.2554164e+00   1.5506936e+00   5.0401162e-01
  -1.0764134e+00   1.7702103e+00   1.7354903e+00   6.9613965e-01
   1.9012200e-01  -6.2395392e-01   3.0188572e-01   7.0044262e-02
   5.0508911e-01   1.2729851e+00   1.0780393e+00   7.1389728e-01
  -2.4934071e-02  -1.9815962e-01   3.4314094e-01  -1.7549166e-01
  -9.8792376e-02  -2.4849309e-01   4.4133452e-01   2.8070327e-01
  -1.9440514e-01  -6.9696128e-01  -2.8234693e-01  -3.5797011e-01
   9.7974840e-02   2.0681622e+00   2.2362362e+00   1.0410049e+00
  -6.9364948e-01   1.2073857e+00   6.7525841e-02   2.6279747e-01
   6.4254168e-01  -6.8918829e-01   3.2713581e-01   1.2460935e-01
   9.8104795e-01   1.9832733e+00   1.1376071e+00   1.1608839e+00
   1.3451643e-01   1.6487096e+00   4.3622588e-01   3.0515067e-01
   2.3951340e+00   9.4162950e-01   1.0111170e+00   7.5682050e-01
  -4.6441026e-01   1.1089077e+00   1.9117564e-01   5.5310236e-01
  -4.3571796e-01  -1.4864265e-01   4.6537508e-02  -1.5889638e-01
  -1.1192438e+00   2.8251197e+00   3.4249207e-01   9.6882259e-01
  -1.5048591e+00   1.2590494e+00   4.5303081e-02   1.1603184e+00
  -4.5892330e-01  -7.1691944e-01  -3.4854637e-01  -5.3375914e-01
   1.7047690e+00   1.3592325e+00   1.3300410e+00   5.2949550e-01
  -5.4350139e-01   1.7382937e+00   1.1853218e-01   3.2293715e-01
  -2.2308282e-01   7.1567380e-01   7.2239842e-01   7.3984415e-01
  -2.3756151e-02  -5.8531053e-02   1.2061882e-01   1.3469798e-01
   5.2158755e-01   2.3403372e+00   1.0764595e+00   1.4204378e+00
  -7.8900593e-03   1.9406748e+00  -7.9698637e-02   1.0807643e+00
  -3.6862475e-01   2.2033571e+00   4.3936372e-01   6.7988410e-01
  -5.3961293e-01  -4.5873515e-01  -5.1441064e-01  -1.6087724e-02
  -2.5776879e-01   1.3565739e+00   1.1114686e+00   1.2243087e+00
  -8.0498204e-01   1.5109647e+00   1.1485551e-01   7.7620400e-01
  -7.7516035e-01   1.7865411e+00   7.5500826e-01   1.0618449e+00
  -6.2685356e-01   1.9690491e+00   6.9424806e-01  -1.7830653e-01
  -2.5075872e-01   2.1907820e-01   3.9544569e-02   5.9489566e-01
  -7.3786636e-01   1.8150074e+00   1.1541365e+00   4.6096193e-01
  -1.2751528e-01   1.8308159e+00   4.8908967e-01   1.1543548e+00
  -3.6285589e-01   1.1519998e+00   6.5006359e-01   7.4345113e-01
   7.3107942e-01   1.1585507e+00   4.9236630e-01   9.0179012e-01
  -9.5036049e-01   2.0125705e-01   2.6445839e-01   2.4874626e-01
   2.8346860e+00   1.8154325e+00   6.0950000e-01   8.7077350e-01
  -5.5805656e-01   1.7189025e+00   1.5222697e+00   5.6992946e-01
  -4.6320943e-01   1.4273803e+00   1.0945077e+00   1.0295451e+00
  -8.2560318e-01   2.1532524e+00   3.0503858e-01   9.2666743e-01
  -1.8976043e-01   9.2347353e-01   5.1833483e-01   1.1123051e+00
  -3.0764515e-01   2.9112102e-01   4.5143015e-01  -5.8276940e-02
  -1.5521973e-01   1.2573807e+00   1.9436683e-01   8.3134307e-01
  -2.4842344e-01   1.6036994e-01   1.5073331e-01   5.3629721e-01
   5.0038173e-01   2.0128890e+00   1.0883416e+00   9.6394231e-01
   3.7743551e-01   1.4243396e+00   1.0388544e+00   3.5275147e-01
  -3.3725906e-01   1.0427491e+00   1.7104714e+00   6.4533328e-01
   7.2620362e-02   2.3844174e+00   1.2306114e+00   1.3900730e+00
  -1.2425216e+00   1.9359711e+00   1.2298913e+00   6.7286715e-01
  -4.5950121e-01  -1.4342168e+00  -9.9041693e-02  -1.1168638e-01
  -7.9761835e-01   1.9022438e-01   4.5724165e-02   2.8002383e-01
  -3.1143389e-01  -8.2363892e-01  -1.0907172e-01  -3.4040498e-01
  -7.4298841e-01   2.0256436e+00  -7.5578710e-02   7.4345739e-01
  -1.0656605e+00   1.4302643e+00   1.2028746e+00   1.3263028e+00
  -1.6302497e-01   1.5777680e+00   9.4153805e-01   1.0122042e+00
  -5.4472718e-01   1.9023949e+00   3.1997535e-01   6.1391426e-01
  -4.3732991e-01   1.4382793e+00   7.6002273e-01   1.4317770e-01
  -1.2805106e+00   1.5127719e+00   4.6709275e-01   6.8285652e-01
   1.2838940e+00   1.2152025e+00   9.7818200e-01   1.4092955e+00
  -3.8041982e-01   1.7956511e+00   2.3932511e+00   1.0714319e+00
  -3.2562222e-01   2.1648574e+00  -2.6921825e-01   7.2715385e-01
   2.6746151e-01   6.7291159e-01   1.1501474e+00   1.0808277e+00
  -8.8387419e-02   2.3331632e+00   1.1240972e+00   6.1351124e-01
   9.5091592e-02   1.0976811e+00   1.3869420e+00   6.6503279e-01
   4.0020704e-01   1.7651696e+00   9.9137065e-01   7.4161291e-01
   5.1523303e-01  -6.3104665e-01   4.5563840e-01   2.0214340e-01
  -1.5512283e-01   1.3914378e+00  -3.9281928e-04   1.1511445e+00
  -1.0500429e+00   1.6552658e+00   1.2145442e+00  -2.2949748e-02
  -1.1020236e+00   1.0527173e+00  -1.3234113e-01   5.9195415e-01
  -1.2076900e+00   2.0946168e+00   4.7822522e-01   1.2105951e+00
   2.1562439e-01   1.8859631e+00   6.2560363e-01   3.2893902e-01
  -2.7052932e-01   1.5401993e+00   1.1388758e-01   6.1614790e-01
   7.2766172e-01   8.8989701e-01   9.3819395e-01   9.0472408e-01
   1.2713552e-01   9.0553215e-01   1.3472676e-01   4.5356700e-01
  -3.3264151e-01   4.0953490e-01   2.2011396e-01  -6.3048597e-02
  -6.0904905e-01  -1.3469787e+00  -8.1154230e-01  -7.4449866e-01
  -2.2497749e+00   1.7324592e+00   6.3315292e-01   7.5459269e-01
  -6.6890212e-01   1.8189239e+00   9.1711139e-01   1.1267117e+00
  -1.0266473e-01  -2.8365159e-01  -1.9155868e-01  -3.7353023e-01
  -9.4069700e-01   1.8326098e+00   5.0781153e-01   4.6131013e-01
   2.9944088e-02  -2.9335173e-01  -2.2789549e-01   4.3894210e-02
   1.1026858e-01   2.7636031e-01   2.1121249e-01   1.9621366e-02
   1.6626136e-01   1.4711706e+00   6.6360764e-01   6.3394836e-01
  -4.2311893e-01   8.9535783e-01   1.2675947e+00   3.7560329e-01
  -3.2858757e-01   1.9464316e+00   1.5045068e+00   7.2545662e-01
   2.8996737e-01   1.4188753e+00   1.1162088e+00   7.3426571e-01
  -4.2303374e-01   1.5012961e+00   1.8807849e+00   6.2148024e-01
  -9.1566926e-01  -2.0308755e+00  -7.0482090e-01  -7.2858418e-01
  -6.5959182e-01   2.3094300e+00   1.2974625e+00   1.2574807e+00
  -5.7841165e-01  -8.2831111e-01  -3.0887263e-01  -3.1476878e-01
  -2.7893990e-01   2.5089765e+00   1.5428752e+00   9.1738283e-01
  -8.0397370e-01   1.6213704e+00   2.0522559e+00   1.0964512e+00
  -1.3314466e+00   2.4400050e+00   2.1540404e+00   8.3326033e-01
  -7.5559548e-01   1.9551964e+00   6.7948171e-01   1.6098637e+00
   1.1325807e-01   1.8151753e+00   6.4095768e-01   5.6018235e-01
  -1.2442365e+00   1.0663590e+00   4.1850718e-01   1.2434714e+00
  -6.0446725e-01   7.0421673e-01   7.1356365e-01   1.0382093e+00
  -4.9317342e-01   1.7360953e+00  -3.3016804e-01   1.0250264e+00
   4.2717958e-01   1.5409222e+00   1.2515788e+00   8.2871292e-01
  -3.0524152e-01   1.9285774e+00   4.5604357e-01   8.1379017e-01
  -1.4092940e+00   2.2214295e+00   9.6567772e-01   1.0839356e+00
  -7.3149119e-01   2.1041623e+00   1.0785442e+00   8.4580610e-01
   2.8929432e-02   2.1947396e+00   9.3037414e-01   4.7630143e-01
  -8.9988122e-01   1.3225769e+00   8.3760426e-01   1.1140028e+00
  -6.5746963e-01  -2.9999059e-01   4.8606659e-02   4.9252726e-01
   1.3667000e+00   8.1750850e-01   1.5681030e+00   7.5967150e-01
  -9.5134276e-01   1.4978684e+00   9.9679657e-02   7.7527378e-01
  -2.9613943e-01   1.8953285e+00   1.3531544e+00   9.4486911e-01
   5.6620706e-01  -4.2220087e-01   1.5654185e-01  -3.1701841e-02
   2.6580073e-01  -4.7821606e-01  -8.5731897e-03  -4.1492289e-01
  -6.2611306e-01   2.7562872e+00   4.0548650e-01   5.4887235e-01
  -2.4588525e-02   1.8340442e+00  -8.8298293e-03   8.9396171e-01
   8.7582725e-01   5.1131738e-01   1.3944017e+00   8.4931532e-01
   1.8191187e-01  -9.5345817e-01  -1.4225003e-01  -4.4165000e-01
  -1.1235991e+00   2.1741983e+00  -2.8818282e-01   9.2418217e-01
  -1.0331925e+00   1.6246231e+00   7.2699300e-01   7.8909522e-01
   4.5805708e-01   6.7762395e-01   4.2346472e-01   6.3787557e-02
  -7.6466212e-01  -1.1022715e+00  -3.2455680e-01  -6.0882691e-01
   4.0157759e-01   2.5606520e-01   1.3861832e+00   2.6653431e-01
   7.6269793e-02   1.6456213e+00   1.0494229e+00   6.7420029e-01
  -6.5139302e-02   1.8334490e+00   7.3228233e-01   8.7941563e-01
  -1.9765871e-01   1.4168201e+00   6.1827772e-01   7.8003343e-01
   1.5886990e-01   1.0928595e+00   9.0059723e-01   5.6472160e-01
  -5.2074122e-01   9.0872075e-01   7.3401170e-01   9.7679720e-01
  -7.1460174e-01   1.7196374e+00   1.4862510e+00   7.3550275e-01
  -3.0378468e+00   1.9005854e+00  -1.4364311e+00   3.0052284e-01
   8.1967300e-01   1.2313735e+00   5.1993200e-01   2.1205345e+00
  -3.8382140e-01   2.3488887e+00   1.3367969e-01   5.5484884e-01
   1.2381593e-01   2.0011557e+00   6.3406295e-01   4.4074043e-01
   3.1992521e-01   2.0019974e+00   2.2781418e+00   4.5674631e-01
  -1.5082008e-01   2.0745087e+00   2.1572780e+00   6.1963353e-01
  -3.4768072e-01   9.9620918e-01   5.6844005e-01   9.5029178e-01
   4.6674246e-01   1.3229360e+00   6.3672411e-01   8.3011899e-01
   1.0925786e+00   8.1139878e-01   9.8757212e-01   7.2180461e-01
  -2.1899247e-01   1.8281741e+00   6.5774765e-01   1.3375271e+00
  -1.1237478e+00   1.4534932e+00   1.4682587e+00   8.1405731e-01
  -1.1724310e+00   1.4239070e+00   1.3560770e+00   9.5876217e-01
   4.1475733e-01   2.3966549e+00   1.7168042e+00   9.3936772e-01
  -9.6711694e-01   2.2666347e+00   1.2567897e+00   1.4570309e+00
   7.1423407e-01   1.0769636e+00   9.2989788e-01   7.1786427e-01
  -1.7710268e+00   2.2016792e+00   7.8103910e-01   9.0169956e-01
  -3.1839540e-01   1.9782261e+00   1.2686784e+00   6.8055197e-01
  -8.9944564e-01   1.6629905e+00   7.5479112e-01   3.4375655e-01
  -4.3459368e-01   1.8051416e+00   7.4192239e-01   9.9789199e-01
  -5.9635059e-01   2.1154365e+00   3.9887691e-02   7.3695995e-01
  -5.7601143e-02   1.3774743e+00   1.0999897e+00   7.1751071e-01
  -4.3216100e-01   1.6937743e+00   1.8918317e+00   9.2983005e-01
  -6.1472477e-01   2.3146079e+00   1.4305545e+00   4.0090309e-01
   7.8186446e-02   1.6852275e+00   5.4985695e-01   1.3299129e+00
  -3.0611040e-01   4.6813137e-01   2.8288332e-02   3.2301881e-01
   6.6505866e-01   2.4499576e+00   4.3202310e-01   7.6570920e-01
  -9.3716740e-01   2.7159914e+00   1.4967222e+00   1.4124942e+00
   6.9176100e-01   1.2442235e+00   8.3380900e-01   8.0352350e-01
   3.9032937e-02   1.0309685e+00   7.1031940e-01   5.6960462e-01
  -1.1149443e+00   1.8268954e+00   8.5269850e-01   6.2818605e-01
   5.6085640e-01   2.1345882e+00   4.8739373e-01   5.3761495e-01
  -5.8804605e-01   1.5182963e+00   1.2331004e+00   4.6994954e-01
  -1.4773194e+00   1.8494150e+00   2.5248370e-01   6.4354302e-01
   1.1721460e+00   1.4974615e+00   1.1070970e+00   2.1092815e+00
   4.4282952e-01   1.6618916e+00   4.0495618e-01   4.8231739e-01
  -4.2289044e-02   3.0920348e+00   1.3744255e+00   1.3422597e+00
   5.0970692e-01   9.1248786e-01   4.3257287e-01   1.0583680e+00
  -1.4301543e-01   1.6581621e+00   1.3799863e+00   1.5192526e+00
  -9.4049978e-01   1.5948948e+00   1.0052111e+00   9.5665368e-01
  -2.3759766e-02   1.8376113e+00   7.2826373e-01   9.7575920e-01
  -9.2758784e-01   2.3216709e+00   1.4456947e+00   6.0674398e-01
   9.9551048e-02   1.4587009e+00   3.3617944e-01   8.9035887e-01
   5.5718865e-01   1.6642394e+00   1.4680428e+00   1.5750033e+00
  -9.6427856e-02   1.3092559e+00   5.1377664e-01   6.5291117e-01
   3.7029472e-01   2.4512416e+00   1.3620344e+00   1.2085472e+00
   8.3543102e-01   3.9019757e-01   1.6420404e+00   1.0285478e+00
  -5.2854480e-01   1.6634434e+00   2.0064027e+00   7.2436171e-01
  -3.4534366e-02   2.6506731e+00   1.2764299e+00   1.4854896e+00
   1.1023360e-01   1.8254148e+00   1.8441490e+00   1.0683695e+00
   8.0399432e-01  -4.6305129e-01   1.5632217e-01  -4.0982958e-02
  -1.1696062e+00   1.7769957e+00  -3.8567272e-01   6.5522358e-01
  -4.1765209e-01   1.8064547e+00   2.0280695e+00   3.9382149e-01
  -8.8929271e-01   2.5839222e+00  -4.5747117e-01   6.6753801e-01
  -1.5295158e-02   1.6340328e+00   1.6124284e+00   7.8740589e-01
  -3.5569584e-01   3.2262604e-01  -1.2318244e-01  -2.8223663e-02
   2.4106400e-01   1.9173515e+00   3.8411300e-01   1.6612835e+00
  -2.7711905e-01  -7.3466539e-01   1.3839912e-01   3.4174110e-01
  -5.0886058e-01  -4.2788622e-01  -1.5894368e-02   2.7925427e-01
   6.3154256e-02   1.3481428e+00   1.0067008e+00   5.0298437e-01
  -2.1605013e-01   1.0896924e+00   9.8327140e-01   8.5586590e-01
  -1.0805918e+00   1.8288307e+00   4.0176152e-01   8.0755759e-01
   7.4649482e-01   7.2612580e-01   8.4886640e-01   6.0491417e-01
   9.1588494e-02   1.5640399e+00   1.4863169e+00   9.9971150e-01
  -6.5635127e-01   2.0883138e+00  -3.7722613e-01   7.3049534e-01
   5.8099663e-01   1.5481329e+00   1.3852268e+00   9.2645920e-01
  -6.0716219e-01   2.1433979e+00   2.2235625e+00   6.7790993e-01
  -1.6519838e-01   1.1446257e+00   1.1314857e-01   5.8545390e-01
  -7.8311759e-02   2.0322319e+00   1.1782068e+00   1.0833285e+00
  -1.6174391e+00   1.5964627e+00   2.5119545e+00   8.6493987e-01
   1.2081979e-01   1.2706204e+00   3.1737990e+00   2.9176563e-01
   4.5660996e-01   2.2726426e+00   7.2477995e-01   1.3198283e+00
  -1.0025592e+00   1.5054583e+00   2.9500482e+00   1.2743031e+00
  -3.8252810e-01  -1.1827522e+00  -1.5298567e-01  -2.5790360e-01
   6.1688328e-02   1.4262453e+00  -1.8962185e-01   7.3779635e-01
   3.7150519e-01   5.7061621e-01   1.4801550e+00   1.6083641e+00
   2.5984200e-01   1.1896395e+00   1.0048140e+00   1.8272105e+00
  -4.0042782e-01   1.2909322e+00   6.7349921e-01   9.3197032e-01
  -1.3143951e+00   1.8773374e+00   1.7259459e+00   5.4334048e-01
  -6.7220602e-01   2.2399253e+00   8.6345653e-01   5.6437196e-01
  -8.4625801e-01   1.7434578e+00   4.9649601e-02   8.7494049e-01
   1.5004073e-01   2.0347492e+00   9.5993465e-01   1.0804731e+00
  -7.0683074e-01   1.8524290e+00   2.5907837e+00   6.0661621e-01
   6.2967904e-02   8.6196400e-01   5.0366411e-01   5.0465507e-02
   1.0193296e-01   1.5178894e+00   7.0344574e-01   6.0907312e-01
  -2.6725700e-01   2.2794861e+00   2.0928817e+00   7.8997884e-01
  -1.1559248e+00   2.2244633e+00   2.0618138e+00   5.5742725e-01
  -9.9320431e-01   2.2182902e+00  -3.8811496e-01   1.1242961e+00
   1.0784149e-01   1.4746547e+00   2.6319406e-01   6.4055782e-01
   3.0254052e-01   1.3994825e-01   2.6453675e-01  -5.5932497e-02
   2.0897630e-01   9.7169995e-02   5.4174178e-01   5.0249293e-01
   1.2026640e+00   1.4708625e+00   1.0774680e+00   2.0492055e+00
  -6.8142084e-01   4.2811586e-01   4.3903029e-01   8.7957836e-01
  -6.7285949e-01   2.1291333e+00   2.0675869e+00   1.4415468e+00
  -2.7487680e-01   2.0693962e+00   2.6064765e+00   7.7953997e-01
   6.3239519e-02   2.0188857e+00   1.5735243e+00   1.2466828e+00
  -4.7312397e-01  -3.1737651e-01  -3.5677002e-01  -2.8653057e-01
   2.8336307e-02   1.1427504e+00   6.8158745e-01   1.3105122e+00
  -2.5158982e-01   2.2248966e+00   1.4655397e+00   5.8978848e-01
  -3.7595609e-01   1.4184746e+00   2.4946702e-01   7.8285831e-01
  -8.2585643e-01   2.1799056e+00   4.7946259e-01   9.6726191e-01
  -2.8971360e-01   1.4330203e+00   4.7946860e-01   1.3831405e+00
  -6.8241949e-01   1.5462648e+00   4.7114191e-01   7.9545556e-01
   1.2081110e+00   1.9412355e+00   8.5266800e-01   2.4365755e+00
  -1.3705399e+00   1.7887732e+00   2.0611117e+00   5.9567910e-01
   4.4346955e-01   1.6420297e+00   1.0479064e+00   3.3787002e-01
  -9.4670401e-01   1.6050769e+00   2.6515024e-01   1.1835202e+00
  -2.8600628e-01   2.0390425e+00   8.1626737e-01   2.1057836e-01
   6.6475875e-01   1.7599988e+00   8.0640574e-01   3.8552992e-01
  -3.3225112e-01   1.4743041e+00  -6.5723527e-02   6.6144026e-01
  -7.0143445e-01   1.2128735e+00   5.9483011e-01   9.8711188e-01
  -4.2034682e-01  -4.3616224e-01   1.0778293e-01  -2.6000355e-01
  -5.2712863e-01   2.1475468e+00   1.7565873e-01   1.1310116e+00
   3.2799839e-01   1.2592501e+00   7.9605760e-01   5.5447470e-01
  -1.8232776e+00   1.5703357e+00   1.5303508e-01   8.4274922e-01
   1.3041845e-01   1.7711398e+00   1.5080895e+00   1.2870535e+00
   1.2459790e-02   2.2035328e+00  -3.4217264e-01   1.5915105e+00
  -8.1613388e-01   1.7858148e+00   2.0039129e+00   7.3264493e-01
  -2.4958506e-01   2.5475277e+00   5.8913738e-01   1.2827906e+00
   2.6857102e-01  -6.0988668e-01   5.8749394e-02  -1.7541997e-01
  -8.3885672e-01   2.0317061e+00   1.3308996e+00   1.0456873e+00
  -3.9790292e-01   4.1118456e-02  -3.0076053e-01   4.8542218e-01
  -1.4573579e+00   1.8420170e+00   5.0660527e-01   1.2921523e+00
  -3.6644751e-01  -1.0561862e+00  -2.0604812e-01  -3.8753125e-01
  -3.3125587e-02   1.5537139e+00   3.1430927e-01   8.9048333e-01
   6.2401246e-01   2.8426138e-01   7.2743039e-01   3.2155794e-01
  -5.3386924e-01   1.8694463e+00   9.0358740e-01   8.6268784e-01
   5.2645531e-01   1.2761006e+00  -2.3445169e-01   1.1099420e+00
  -3.8311824e-01   1.4719987e+00   2.3385513e+00   1.0608720e+00
   3.8780619e-01   5.4153413e-01   4.2315396e-01   3.1498659e-01
  -1.1622171e+00   1.7623815e+00  -8.1947890e-02   1.1608365e+00
   2.7037837e-01   1.9080595e+00   1.2659648e+00   6.3336761e-01
  -6.0131262e-01   1.4129652e+00   2.5253610e+00   9.6692179e-01
   6.3692233e-02   1.1204419e+00   5.0663772e-01   6.0336965e-01
  -5.6006498e-01  -1.5585699e+00  -9.8607146e-02  -8.5800423e-01
   4.1204221e-01   3.9327055e-02   6.1218770e-03   1.8079800e-01
  -9.6810896e-01   1.6572131e+00   1.4201810e+00   1.2201593e+00
   4.6196225e-01   2.1970193e+00   1.4260947e+00   8.9987200e-01
   3.0346120e-01  -9.1107226e-01   2.3379307e-01   3.9361448e-02
  -4.2180260e-01   1.9799338e+00   7.5567045e-01   6.2390707e-01
  -5.3440177e-01   3.7146538e-01   5.3279595e-01   6.0199820e-01
   2.4230879e-02  -1.6641797e-01   8.9298990e-01   5.6742006e-01
  -7.7010459e-01   1.6046921e+00   9.4845200e-02   4.8676096e-01
  -7.6444047e-01   1.7995287e+00   6.4399215e-01   7.9445443e-01
   6.0806468e-01   7.3586866e-01   1.8056376e-01   1.2504530e-01
   2.9851704e-01   4.7806031e-01   2.4907155e-01  -2.8549504e-01
  -1.0225896e+00   2.0538992e+00   2.0788373e+00   8.8131324e-01
  -4.9562051e-01  -1.3392496e+00  -2.2649258e-02  -7.5229109e-01
  -8.7238746e-01   1.2611378e+00   5.1156336e-01   1.6603167e-01
   9.5705400e-01   1.7848805e+00   9.8339800e-01   1.8892215e+00
  -3.5020248e-01   1.4111220e+00   5.0098499e-01   1.5985435e-01
  -6.6839966e-01   1.2058064e+00   1.5230667e+00   6.2423869e-01
  -6.4215935e-01   1.3346549e+00   1.0471036e+00   1.5410375e+00
  -3.3342518e-01   2.0717271e+00   1.1425542e+00   1.0368632e+00
   3.0762781e-02   9.2176638e-01   4.9608495e-01   1.0458542e+00
  -7.1708278e-01   1.5790056e+00  -3.6890753e-01   8.0030581e-01
  -6.3723315e-01   1.6238154e+00   1.1139119e+00   1.2057185e+00
  -7.9729969e-01   1.7047075e+00   2.2286339e-01   2.8158800e-01
   6.5889533e-01   1.1395702e+00   6.5598337e-01   2.3984098e-01
   1.2246609e+00   1.8494905e-01   6.1808508e-01   2.4388380e-01
  -1.1104936e+00   1.4191322e+00   6.5749518e-02   1.2261477e+00
   5.1231385e-01   1.5101680e+00   1.1039285e+00   1.2553398e+00
   9.9161870e-02   2.0868310e+00   2.1801390e+00   5.2651782e-01
  -1.2751715e+00   2.0326096e+00   2.1890739e+00   7.9542361e-01
   3.8158562e-01   1.5430363e+00   1.0653481e+00   1.1356209e+00
  -9.4848849e-01   6.6545967e-01  -4.7916706e-01   4.2248673e-01
   1.5376447e-01   1.0013471e+00   1.4810013e+00   1.2160014e+00
  -2.2043664e-01  -2.8846106e-01   2.6997280e-01   6.2600875e-01
  -4.1911630e-01   5.4882791e-01   2.3776427e-01   1.1491301e-01
  -5.3839074e-01   2.2246313e+00  -1.6041031e-01   4.4269567e-01
  -1.3367877e+00   1.2921169e+00   8.7741259e-01   9.7283534e-01
  -1.4744371e+00   1.2125945e+00   1.5056902e-01   4.5227076e-01
   2.5392690e+00   1.3490125e+00   8.9110300e-01   1.8463365e+00
  -2.6649726e-01   2.0512648e+00   1.0894646e+00   7.9480018e-01
   5.5220848e-01  -2.6155990e-01   4.7387749e-01  -3.9404593e-02
   4.1333055e-01   1.0039747e+00   1.1000177e+00   5.1223512e-01
  -1.2248954e+00   1.6612116e+00   3.3508443e-02   6.9399162e-01
   3.7256700e-01   1.2475605e+00   1.9434800e+00   5.0594350e-01
  -3.0407466e-01   1.1010739e+00   8.6064980e-01   8.2664373e-01
  -8.1833221e-01  -5.2505526e-01  -1.9965753e-01  -2.2570244e-01
  -1.2133462e+00   1.8325762e+00   1.0468745e+00   1.0985868e+00
   2.2938170e+00   1.9352405e+00   8.2022700e-01   2.2573295e+00
   6.7299618e-01  -3.5962889e-01   2.0333093e-01   1.3313052e-01
  -3.5570052e-01   1.6119594e+00   4.4847670e-01   5.6137017e-01
   9.4864684e-01   2.8218006e+00   6.9417862e-01   9.1009287e-01
  -6.6000843e-01   1.6660118e+00   1.0170882e+00   6.2800279e-01
   7.6514810e-01   4.9726102e-01   1.3466024e+00   1.8687296e-01
   2.1980951e-02  -5.3954839e-01  -1.1672683e-01  -1.2571585e-01
   6.3122683e-01   7.1362731e-01   9.7045452e-01   9.3779272e-01
   5.5545712e-01  -5.4906300e-01   1.3743448e-01  -8.4851453e-02
   4.3557644e-01   1.7022545e+00   7.0746141e-01   9.2639381e-01
   2.7719847e-01   5.4399216e-01   3.0176794e-01   4.1307341e-03
  -1.9909658e-01   1.5319444e+00  -1.8032665e-01   1.5161648e+00
  -1.2103751e+00   2.2534442e+00   3.9037949e-01   9.2829692e-01
  -1.1839959e+00   1.1414928e+00  -3.4410776e-01   4.5080715e-01
  -5.7048410e-01   1.7234380e+00   9.2424081e-01   1.0600109e+00
  -6.9715360e-01   1.8188902e+00  -4.2621994e-02   5.9279271e-01
  -6.3136824e-01   7.7644034e-01   9.4869481e-01   1.2096583e+00
  -6.5156126e-01  -1.7299031e+00  -8.3545211e-01  -9.4197171e-01
  -1.1029734e+00   1.5279974e+00   1.0093786e+00   1.1790149e+00
  -4.2626502e-01   1.3178786e+00   5.4750835e-01   6.4615019e-01
  -1.8806406e+00   1.7082622e+00  -1.0910350e-01   1.4798115e+00
  -1.2064950e+00   1.5861666e+00   4.8479081e-01   3.1050629e-01
  -2.2057103e-01   1.3081962e+00   2.9574873e-01   2.2939597e-01
   2.4969775e-02   1.5570288e-01   7.9812375e-01   1.9872023e-01
  -7.0562392e-02   6.8179591e-01   7.5218507e-01   6.9540603e-01
  -2.6129673e-01   1.5880520e+00   1.8332349e-01   1.0228422e+00
  -3.4298078e-01  -1.2402283e+00  -1.5890899e-01  -2.9688637e-01
  -1.2669841e+00   2.0362133e+00  -1.6256625e-01   1.2306395e+00
  -7.4801213e-02   1.1225782e+00   2.0103542e-01   1.1259021e+00
   4.3328403e-01  -1.1401504e+00   6.1043308e-01  -2.5290417e-01
   3.1047960e-01   1.8590818e+00   1.3759064e+00   6.1956005e-01
  -8.5336190e-01   7.3431427e-01  -2.6019973e-01   2.2234565e-01
  -2.5550258e-01   1.1505892e+00   1.7404339e+00   1.0372893e+00
  -1.5307597e+00   1.8698085e+00   1.2725642e+00   8.0585898e-01
  -7.1192326e-01   1.8168863e+00   1.1204725e+00   9.6870262e-01
  -1.6211121e-01  -1.2977894e+00  -1.9623504e-01  -4.5385943e-01
  -6.5420134e-01   2.1195661e+00   1.1860372e+00   1.0070273e+00
  -4.6586390e-01   1.9855419e+00   2.9040237e+00   1.1463941e+00
  -3.6558239e-01   2.3709987e+00   2.2889073e-01   7.6131166e-01
   5.6671625e-01   1.0002142e+00   3.2198242e-01   2.5892846e-01
  -4.4534238e-01   2.3523755e+00   1.6209075e+00   3.7015037e-01
  -1.4164857e+00   1.8469679e+00   6.5943612e-01   6.3581828e-01
   5.8460500e-01   1.2100885e+00   7.7141600e-01   1.0364605e+00
  -1.2033641e+00   1.8208241e+00   1.0673722e+00   5.8378619e-01
  -4.5227878e-01   8.6606310e-01   1.6658979e-01   1.6580292e-01
  -3.0736969e-01   1.6752281e+00   2.6748196e+00   8.6377995e-01
  -3.9391170e-01  -1.1880714e+00  -6.1102782e-01  -5.7518206e-01
   6.6564159e-01   2.2925852e+00   1.2269368e+00   1.2704854e+00
  -1.0934604e+00   1.8402269e+00   5.2186563e-01   9.8789933e-01
  -4.2602164e-01   1.3831476e+00   1.8130134e+00   7.4635682e-01
  -1.1609009e-01   2.0392353e+00   1.0513795e+00   7.4383468e-01
   1.1994002e-01   4.2530958e-01   3.2315154e-02  -5.1419686e-02
   5.0924834e-01  -3.0919999e-01   4.7580426e-01   6.1319429e-01
   2.3951340e+00   9.4162950e-01   1.0111170e+00   7.5682050e-01
   7.1698056e-01  -1.3336573e-01   6.2441006e-02   2.5268613e-01
  -5.6384088e-01   1.9999746e+00   2.2487681e+00   7.2181124e-01
  -1.7456760e-01   2.0388774e+00   7.7684772e-01   8.2074528e-01
  -3.6036514e-01   1.7273830e+00   1.7381999e+00   7.9482106e-01
  -8.6049812e-01   2.4508958e+00   2.3871498e-01   1.1664186e+00
   6.0524100e-01   1.2008995e+00   2.2134110e+00   1.0536805e+00
   6.0773152e-03   2.0072285e+00   1.8787709e+00   1.1240245e+00
   1.6435370e+00   1.2170685e+00   6.0886500e-01   1.1772855e+00
  -3.0531840e-01   1.8460011e-01   1.9939922e-01   1.6609936e-01
  -4.4536953e-01   9.5444553e-01   1.0810421e+00   6.8315571e-01
  -5.3299225e-01   1.6885476e+00   6.0859346e-01   1.0121182e+00
  -1.2367546e+00   1.3394776e+00  -9.2496505e-02   6.0404405e-01
  -3.5103260e-01   1.9387578e+00  -5.5243532e-01   6.7391053e-01
  -7.5649829e-01   1.3864515e+00   1.8270778e-01   2.3272038e-01
  -1.4206402e+00   1.9554712e+00   1.0783777e+00   1.2941393e+00
  -9.0903843e-01   4.3495689e-01  -8.1295019e-02   1.4763533e-01
  -1.9199512e-01  -1.2644616e+00   1.9496579e-01  -2.1997631e-01
  -7.8974223e-01   1.1164188e+00   5.5519222e-01   8.3071920e-01
   2.1275641e-01   2.7952944e-01   1.4504568e+00   1.9798111e-01
  -4.1742917e-01   1.9736602e+00   1.9221494e+00   8.6653139e-01
  -1.6457874e+00  -7.9419809e-01   2.8741412e-01   2.6128878e-01
   1.8115610e+00   1.6410825e+00   1.0020830e+00   4.0668050e-01
   6.3067670e-02   1.3785584e+00   5.6411497e-01   9.2379266e-01
  -1.7927900e-01   1.1821016e+00   1.2308441e+00   1.0045337e+00
   2.9072600e-01  -1.1123318e+00   2.3713218e-01  -1.4242446e-01
   2.5287176e-01   1.3555071e+00   2.5713694e-01   5.0979733e-01
  -5.4789424e-01   1.1824638e+00   1.1440040e+00   1.0014804e+00
  -1.5636628e+00   1.9006015e+00   5.1007940e-01   8.9229873e-01
  -6.6917657e-01   1.3962872e+00   3.6407872e-01   9.1381035e-01
   2.2124539e-02   1.9972301e+00   1.4723633e+00   6.1114145e-01
   1.0959776e+00  -5.6006134e-01   4.3544627e-01   1.0843595e-01
   2.2112919e-01   1.8450907e+00   4.3831691e-01   5.6927095e-01
  -6.1623954e-01   1.4870310e+00   6.4194617e-01   7.5498418e-01
  -1.9683871e-01   2.1520864e+00   1.5018023e+00   1.2364880e+00
   3.0414558e-01   3.4216497e-02   5.0446238e-01  -2.9248531e-02
  -7.8995627e-01   2.7214286e-01   1.9429824e-01   1.2041712e-01
   3.2970654e-01   2.3981106e+00   1.5712200e+00   7.9156384e-01
   1.2081110e+00   1.9412355e+00   8.5266800e-01   2.4365755e+00
   1.0529070e+00   1.9382755e+00   7.8574900e-01   1.6629585e+00
   8.3990099e-01   6.7054120e-01   7.2804861e-01   3.4845583e-01
  -1.0382914e+00   1.0581817e+00  -3.4420717e-02   6.4749062e-01
   4.9269467e-01   1.1203215e+00   5.9126671e-01   6.1035740e-01
  -4.7502119e-01  -3.4478270e-01  -2.7813715e-01  -1.9269659e-02
  -7.5637992e-01   1.4583256e+00   5.8133476e-01   1.2189047e-01
  -4.0527292e-01   1.3714793e+00   8.3827692e-01   7.0204087e-01
  -7.3031790e-01   1.4335174e+00  -5.2614653e-01   8.2881216e-01
  -7.8932715e-01   2.8469371e+00   8.6591714e-01   1.1057324e+00
  -2.4992006e-01   2.4173225e+00   8.5210220e-01   1.0944239e+00
  -1.1436614e+00   1.5538262e+00   1.4568934e+00   1.4364049e+00
  -3.3045931e-01   1.7255998e+00   2.5597852e+00   9.0251100e-01
   9.6648064e-01   6.8126789e-01   9.8199850e-01   9.5832673e-01
  -4.3254602e-01   1.9713982e+00   5.0864517e-01   9.6087033e-01
  -2.4984094e+00   1.5623881e+00   3.6645035e-01   5.3350834e-01
  -1.4320822e+00   2.3922166e+00   1.6396768e+00   9.6894420e-01
  -6.4885005e-01   1.2409004e+00   5.2326736e-01   1.2706944e+00
   1.6876704e-01   2.3746737e+00   1.4713629e+00   1.2508112e+00
  -7.8958600e-01   1.4049637e+00   1.7555105e-01   8.0367493e-01
   1.8224759e-01   1.0521101e+00   6.0400011e-01   1.1459163e-01
   2.5011662e-01   2.5530751e+00  -1.9811823e-02   7.9716091e-01
  -1.2757429e+00   1.5580586e+00   1.5610913e+00   5.7199601e-01
  -5.2723618e-01   1.0468434e+00   9.2250312e-01   8.1090727e-01
  -9.4712054e-01   1.5069406e+00   7.2344660e-01   1.0543744e+00
   8.3495200e-01   1.6821215e+00   1.7673840e+00   1.1888905e+00
   1.0071006e-01   1.4947195e+00   4.9775852e-01   1.2249906e+00
  -5.4242042e-02   1.7440987e+00   6.3523893e-01   1.0674623e+00
  -1.2714303e-01   1.0575070e+00   7.8617206e-01   5.3698939e-01
  -5.1732190e-01   1.5413438e+00   8.8971981e-01   7.1427518e-01
  -1.5929419e-01   1.6094822e+00   9.0007736e-01   2.9886010e-01
  -5.9019661e-01   1.9021298e+00   1.1979674e+00   8.5653969e-01
  -1.3506393e+00   1.2752210e+00  -1.7341414e+00   7.8810116e-01
  -1.0804200e+00   1.1219470e+00   8.6083169e-01   8.9035696e-01
   3.5888742e-01  -5.9224113e-01   1.7679221e-02  -8.1727303e-02
   4.4752709e-02   2.7799964e-02   5.6691302e-01   3.1429356e-01
   1.9181452e-01   3.8330996e-02   5.0431204e-01   1.3154157e-01
  -6.4183622e-01   2.2532685e+00   4.0035403e-01   1.4066588e+00
   2.0460707e-03   2.0518829e+00   1.4281578e+00   8.6259385e-01
  -1.1538583e+00   1.4720817e+00   1.0704395e+00   5.2392423e-01
  -1.3332583e-01  -1.6856669e+00  -3.8025490e-01  -6.9407102e-01
   3.3970443e-01  -7.1040326e-01   5.8094941e-01  -2.4493239e-01
  -1.1731532e+00   1.7814329e+00   1.3504800e+00   1.0904124e+00
  -3.2286324e-01   1.4530095e+00   9.3763443e-01   2.8676639e-01
   7.8099311e-01   2.6661015e-01   6.5069328e-01   1.3879546e-01
   1.5021899e-02   1.6445379e+00   2.1395097e+00   1.8535345e+00
  -4.8589148e-01   1.5856017e+00   2.2443973e-01   1.0709522e+00
  -3.1236231e-01   1.0660879e+00   1.4594123e+00   8.5004199e-01
  -2.7195699e-01   2.5976286e+00   1.1074710e+00   1.9010642e+00
   1.0789939e+00   1.8180266e+00   1.2734789e-01   1.3333283e+00
  -2.6110710e-01   1.8283585e+00   1.6857256e+00   1.2760445e+00
   9.0882887e-01   1.5125230e+00   9.9165824e-01   6.0803419e-01
   2.1583500e+00   1.0871405e+00   4.3550500e-01   1.7238335e+00
  -1.2734027e+00   1.7992589e+00   2.3441026e-01   8.7702000e-01
  -1.2117106e+00   1.9649601e+00  -4.4668133e-02   8.8552457e-01
  -1.1034262e+00   2.6784037e+00   8.4469245e-01   1.7717069e-01
  -4.7121234e-01   2.1676035e+00   8.6222810e-01   8.8324648e-01
   7.8894294e-01   6.5333660e-01   5.2769299e-01   3.3160466e-01
   7.7396701e-01   3.4193800e-01   3.9561859e-01   7.8470621e-01
   1.3402366e-01   2.5540846e-01   3.2017678e-01   1.2550645e-01
  -1.1717841e-01   1.5144485e+00  -8.7323374e-01   7.8022219e-01
   5.8582224e-01   6.8570011e-01  -2.7578361e-01   3.7057901e-01
   1.2418113e-01   1.6798545e-01   5.1309963e-01   6.6198796e-01
  -1.8561815e-01   1.2264319e+00   3.7730705e-01   6.1378821e-01
  -7.6894717e-01   1.4751677e+00   6.2834898e-01  -9.5004818e-02
   7.6987442e-01   3.1055992e-01   9.6264096e-01   8.2267261e-01
   2.2600301e-01   2.8051922e-01   3.8324000e-02   2.8083276e-03
   2.3854675e-03   1.0727826e+00   1.3115797e+00   5.4527156e-02
  -1.9731950e+00   1.8166969e+00   1.2517051e-01   9.6254267e-01
   4.0438747e-01   1.6734459e+00   9.9368653e-01   7.2334054e-01
  -1.4565651e+00   2.5131930e+00   1.8192131e+00   1.1172092e+00
  -8.7400006e-01   1.0295334e+00   9.6240363e-01   4.4531628e-01
  -5.7216139e-03   1.3241002e+00   2.1855016e+00   1.0462008e+00
  -8.0281654e-01   1.6700065e+00   8.1727987e-01   6.7229821e-01
  -7.1647409e-01   2.3530085e+00   1.4046336e+00   3.2676665e-01
   4.2627503e-01   1.1418499e+00   6.9741874e-01   6.7368522e-01
  -7.2082480e-01   1.7119529e+00   1.2610443e+00   7.9152276e-01
   2.2370108e+00  -9.8520388e-01  -1.1338720e-02   3.3185168e-01
   4.9564291e-01   1.8808345e+00   1.4477836e+00   9.1244992e-01
  -1.1320915e+00   5.5921745e-01  -2.0196830e-01  -5.6034373e-03
  -1.2120794e+00   2.1942066e+00   1.7300595e+00   1.2144442e+00
  -8.9330167e-03   1.8474959e+00   1.0288315e+00   1.0064643e+00
  -5.6455385e-01   1.2620804e+00   1.4790930e+00   1.0971248e-01
   3.1249067e-01   4.7063267e-01   6.7721136e-01   5.9809083e-01
  -4.8856353e-01   6.7892990e-01   1.7470811e-01  -1.2891523e-02
  -7.3304149e-01   1.8230997e+00   4.7115152e-01   1.3573336e+00
  -8.5085345e-01   1.1277932e+00  -8.8508800e-02   6.6470424e-01
   6.8146782e-01   1.1634213e+00   5.4374760e-01   1.0565095e+00
  -1.6558998e-01  -1.1376125e+00   3.2761263e-01  -1.0606510e-01
  -1.4293645e+00   1.1334774e+00   1.6992410e+00   2.6740203e-01
  -9.5704360e-01   1.5961341e+00  -5.1950865e-01   8.8897696e-01
   4.5905845e-01  -3.7711717e-01   1.1409573e-01   4.8965285e-02
   4.7625358e-01  -6.7801214e-01  -1.7818460e-01   9.2602393e-02
   2.5220006e-01   1.3689809e-01   5.9624117e-02  -1.3065997e-01
  -2.3754086e-02  -6.4340350e-01  -3.9370027e-01   7.6149182e-02
   3.2011536e-02   6.6526400e-01   3.9011361e-01   5.4330528e-01
  -3.1731130e-01  -1.3367845e+00  -2.9144787e-01  -8.2179154e-01
  -3.6271723e-01   1.4866551e+00   2.3366993e+00   1.6531481e+00
  -6.6872326e-01   1.2510521e+00  -3.6957443e-01   3.4022951e-01
  -1.5994742e+00   7.1518078e-01   5.1473317e-01   4.5112964e-01
  -1.2067442e+00   1.0296128e+00   1.4678524e-01   7.5240340e-01
  -3.8481483e-01   1.2302163e+00   4.1465745e-01   7.7336478e-01
  -1.9979199e-01   1.7045286e+00   2.1962542e+00   6.6063089e-01
  -3.5956242e-01   8.4545418e-01   4.3362643e-01   9.5984095e-01
   5.3442901e-02   1.7017543e+00   1.0377226e+00   1.1192093e+00
   5.3405953e-01  -1.0568044e+00   7.4745705e-03  -4.0461294e-01
  -3.6981055e-01   1.6802304e+00   2.5381023e+00   6.6045332e-01
   3.5607575e-01   1.5225569e+00   6.4199039e-01   1.3318805e+00
   1.1134879e+00   1.2245949e+00   6.8085625e-01   2.2478155e-01
  -9.6200042e-02  -1.4407020e+00  -4.9212249e-01  -8.5008666e-01
   1.0575130e-01  -2.2301507e-01  -1.9211850e-01  -2.7243833e-01
  -1.2078985e+00   2.8125874e+00   6.1616173e-01   1.4078383e+00
  -7.9751495e-01   4.2360512e-01  -8.9192283e-02  -4.2413239e-02
  -1.1161821e+00   1.7596268e+00   1.6835795e+00   7.3349389e-01
  -6.2414370e-01   6.5251127e-01   2.3535494e-01   6.0931689e-01
   1.6433828e-01   2.2399081e+00   9.4999213e-01   1.3632403e+00
   9.4529107e-01   8.4387468e-01   1.6655858e+00   6.5841551e-01
  -1.7792353e+00   1.7506457e+00   1.2388135e+00   7.0057502e-01
   1.4704960e-02   1.9713411e+00   3.8556420e-01   1.1879398e+00
  -4.8832794e-01   9.8024353e-01   6.6601860e-02   1.5299598e+00
  -7.9426420e-01   1.7182472e+00  -7.1885702e-02   4.0089783e-01
   9.0649989e-01   1.1952532e-02   4.7419551e-01   1.0150514e-01
  -7.4223729e-01  -1.6360871e+00  -6.0363461e-01  -5.3263888e-01
   1.4182690e-02   4.0807756e-01  -1.7766577e-01  -3.5371919e-02
  -1.1604818e+00   1.5581220e+00   7.7808332e-01   6.7505580e-01
  -4.9188237e-01   5.2018157e-01   2.5001790e-01   4.1910619e-01
   1.3038876e-01   1.1143593e+00   7.1080057e-01   6.8501983e-01
   2.6228496e-01   7.5346956e-01   9.5854777e-01   5.8075042e-01
  -1.2770950e+00   1.6799303e+00  -4.2383171e-03   1.2792453e+00
   4.5075683e-01   2.2064031e+00   1.1292716e+00   1.4951600e+00
   1.6082235e-01   1.9149652e+00   1.9285453e+00   9.0452782e-01
  -2.4803403e-01   2.0471284e+00   1.6323104e-01   7.7566820e-01
   1.5456230e+00   1.0940745e+00   3.0445000e-01   1.7030705e+00
   1.1231017e-01  -7.5804268e-01   3.2279225e-01   1.7073538e-02
   5.1137144e-01   1.1686924e+00   1.3424401e+00   6.1675201e-01
  -4.6822597e-02   5.1538014e-01  -2.4960041e-01   9.7950831e-01
   3.2527679e-01  -1.2769343e+00   6.2526803e-02  -1.2722417e-01
  -2.5897533e-01   1.3667828e+00   8.4195105e-01   5.5859338e-01
  -6.7968021e-01  -1.3482354e+00  -3.0216915e-01  -6.3386832e-01
  -8.5405382e-01   1.2151101e+00   9.2073102e-01   6.0578863e-01
   8.1705364e-01   1.6751143e+00   1.6070784e+00   9.8844535e-01
  -6.2470642e-01   2.7700661e+00   1.6903491e+00   1.0837280e+00
  -1.9811546e-01   1.8644083e+00   1.8806205e+00   1.0679541e+00
  -5.8509878e-01   1.2645734e+00   1.5778140e+00   1.3407898e+00
   7.1213667e-02   1.2826084e-02   4.8806271e-01   3.9003482e-01
   1.1600172e-01   2.3245097e+00   1.2284117e+00   1.1225532e+00
  -1.0948003e-02   2.1408389e+00   5.4351278e-01   1.0926700e+00
  -1.0574450e+00   1.4117673e+00   1.5477496e+00   2.1489638e-01
  -3.8885484e-01   4.5439818e-01   3.5240585e-02   2.8828421e-01
  -5.9542815e-02   1.2906086e+00   8.2492832e-01   1.7888101e-01
   4.5146474e-01   1.6336245e+00   1.0806601e+00   8.9757951e-01
   3.9524417e-01   1.2436426e+00   1.1932143e+00   4.0394473e-01
  -1.5636984e+00   2.4955137e+00  -2.1967802e-01   7.6700365e-01
  -1.9315485e-01  -3.8735734e-01  -2.6770514e-01  -4.1948946e-01
   8.0977674e-02   2.2309641e-01   3.4812063e-01   1.4111630e-01
  -1.6405489e-01   1.8293542e+00   1.1494618e+00   6.6618576e-01
  -7.3500183e-01   1.6989017e+00   6.5141922e-02   1.0862289e+00
  -3.9181478e-02  -1.3526958e+00   3.3643012e-01  -5.3577557e-01
   1.4188609e-01   1.9738447e+00   6.8900391e-01   3.1238880e-01
  -1.3598237e+00   1.7085560e+00   3.9872911e-01   8.8390357e-01
  -1.5854999e+00   1.9359750e+00   9.0974687e-01   5.2253437e-01
  -6.7411178e-01   2.5314412e-01  -3.9006073e-02   5.7033145e-01
   1.5831769e-01  -4.8097093e-01  -1.5943577e-01  -2.6372625e-01
  -2.4886445e-01   1.8030319e+00   1.0471445e+00   1.1709828e+00
   1.6559780e-02   2.2576109e+00   1.2502311e+00   6.8343095e-01
  -8.6998413e-01   1.1059526e+00   7.8760371e-01   3.2447323e-01
   2.8141013e-01  -1.7985641e-02   7.0358801e-01   4.1515306e-02
  -1.6637562e-01   2.8759499e+00   2.6953326e+00   1.1018558e+00
  -1.1407913e+00   8.7087810e-01   7.7632870e-01   6.9919090e-02
  -1.1751888e+00   2.2155262e+00   1.0347961e+00   1.1042833e+00
  -1.3877874e-01   1.3658284e+00   5.8879344e-01   1.0247394e+00
  -3.7863650e-01   1.1625104e+00   5.3507243e-01   8.8657456e-01
  -9.8301170e-01   2.3598312e+00   4.9729715e-01   4.4305052e-01
  -8.2915952e-01   1.9094103e+00   9.5832363e-01   8.7964823e-01
  -7.6226982e-01   7.6378254e-01   3.0440461e-01   3.8769206e-01
   2.9964625e-01  -1.1394528e+00  -6.2309476e-02  -1.4512416e-01
   7.8246435e-02   2.4274459e+00   6.9019099e-01   1.3714183e+00
  -4.2875933e-01   2.1322605e+00  -1.5185222e-03   7.2115941e-01
  -4.7494963e-01   1.7628729e+00   1.1431344e+00   1.0297590e+00
  -1.2555407e+00   1.6805171e+00   9.9885775e-01   1.0886292e+00
   1.5132440e-01   1.1714988e+00   9.4798269e-01   6.5255035e-01
   1.3514124e-01   1.9064197e+00   7.3141003e-01   9.2811029e-01
  -9.4321063e-01   1.6030053e+00   1.5312450e+00   9.1954042e-01
  -8.4307148e-02   1.6705388e+00   1.1756241e+00   1.2147028e+00
  -1.3995201e+00   1.7843866e+00  -2.1252624e-01   1.3507789e+00
  -3.2692232e-01  -1.8047360e+00  -5.2925085e-01  -9.0203200e-01
   7.9377851e-02   1.7263324e+00   1.1182984e+00   8.2809350e-01
   2.1170514e-01   1.1323766e+00   1.3901165e+00   1.0559305e+00
  -1.0832724e-01  -1.2908243e-01   2.5466348e-01  -4.8396918e-01
  -6.2091983e-01   6.6610552e-01  -1.7432685e-01   7.9993530e-01
  -5.6046322e-01   1.8570223e+00   3.8920705e-01   9.4841592e-01
  -8.6354504e-01   1.7882570e+00   2.3311080e-02   1.0509842e+00
  -4.7511343e-01   1.8405515e+00   3.1549476e-01   9.3974239e-01
  -4.4386042e-01   2.0347413e+00   2.1093000e+00   9.6971274e-01
   1.2819585e+00   6.2740526e-01   1.4271404e+00   1.0011398e+00
  -3.8553627e-01   1.2246833e+00   1.4148636e+00   4.5534257e-01
  -3.0473594e-01   1.3169841e+00   1.0301985e-02   2.1441050e-01
  -5.1088473e-01   1.1006700e+00   7.9398351e-01   1.4388641e+00
  -1.4019898e+00   1.7116911e+00   1.7800637e+00   1.3799474e+00
  -7.3947503e-01   1.2048399e+00  -2.4361141e-01   8.2195611e-01
   7.8939000e-01   1.2266665e+00   1.5225850e+00   9.3444750e-01
   1.0748877e-01  -8.9489748e-01  -1.9106968e-01  -9.0027136e-02
  -2.0360146e-01   1.0007046e+00   6.1876048e-01   1.0329658e+00
   1.0011659e-02   1.6565649e+00   1.0102199e+00   1.0965395e+00
  -2.3582696e-01   1.4626661e+00   9.1365283e-01   7.9861986e-01
  -9.7924402e-01   1.7346083e+00   3.4317988e+00   8.7117755e-01
   9.0365973e-01  -4.4036417e-01   6.2275889e-01   4.7502584e-01
   2.3613986e-01  -1.3407897e-01   1.2109183e-01  -1.8129714e-01
   1.0336682e+00   2.5258441e+00   1.0677524e+00   1.0038669e+00
   5.4356443e-01   1.8126237e+00   8.4685112e-01   1.1558405e+00
  -2.6074240e-01   1.4836033e+00   2.6055625e+00   1.0792934e+00
   1.0944853e+00   5.6938759e-01   7.4113939e-01   1.0104378e-01
  -3.9131766e-01   1.9615421e+00  -1.9029737e-02   1.2243522e+00
   2.8951417e-01   1.4502863e+00   6.7855379e-02   8.6234532e-01
  -9.6412254e-03   1.7073227e+00   1.8297778e+00   8.6766416e-01
   6.1194400e-01   1.3057445e+00   2.6954550e+00   9.0764850e-01
  -4.0349249e-01   1.2393631e+00   2.1601719e-01   1.3077937e+00
  -5.9729487e-01   9.5776928e-01   9.3891404e-01   1.1202197e+00
  -2.0620896e-01   4.0336492e-01   9.1118788e-01   9.0996628e-01
   3.3565654e-01   1.3786620e+00   8.5154928e-01   3.6956547e-01
   6.2308400e-01   1.1248615e+00   1.1733370e+00   8.5688450e-01
   4.5443719e-01   2.7844437e-01   6.1349705e-01   4.9452072e-01
  -6.7400017e-01   1.1351647e+00   6.9284948e-01   1.5683703e-01
  -9.9133974e-01   1.8029436e+00   2.1008484e+00   8.5381928e-01
   1.2034466e+00   2.0735117e-01   1.1100634e+00   9.9919928e-01
  -4.6573647e-01   9.4331397e-01   6.1125369e-01   1.0424281e+00
   2.5984200e-01   1.1896395e+00   1.0048140e+00   1.8272105e+00
  -9.4211570e-01   2.1615510e+00   2.0032708e+00   3.9838210e-01
  -3.5433517e-01  -6.5134835e-01  -4.7677726e-01  -5.7394346e-01
   5.8304279e-01  -3.4945790e-01   6.2850608e-02   7.6374843e-02
   3.1078781e-01   1.4866477e+00   5.1917998e-01   3.3249046e-01
  -2.5285488e+00   2.0910350e+00   1.3349966e-01   9.4082473e-01
   2.1797611e-03   1.3405942e+00   1.5864917e-01   1.0312549e+00
   4.5207928e-01   1.0687815e+00   1.4400967e+00   7.1946511e-01
   2.7897112e-01   1.8983832e+00   1.8688954e+00   1.0781256e+00
  -2.0733953e-01   1.9755119e+00   8.9489496e-01   8.0353876e-01
   2.9561230e-01   1.9949809e+00   5.2096859e-01   3.4368967e-01
  -5.7318565e-01   1.1721954e+00  -4.3828514e-01   2.3011676e-01
  -9.7916251e-01   8.9092670e-01   1.8830605e+00   1.3389580e+00
  -2.9892565e-01   1.4097623e+00   6.1130640e-01   1.1041171e+00
  -6.3349911e-01   1.4652353e+00   2.6868449e+00   5.0614374e-01
  -1.9532564e-01   1.6761350e+00   8.2883519e-01   1.0402585e+00
   1.0236627e+00   1.6846724e+00   5.7322269e-01   7.2615051e-01
   6.5918222e-01   2.2273110e+00   3.8591477e-01   1.1754544e+00
   1.6503220e-01   1.3515402e+00   7.8509731e-01   4.7367528e-02
  -2.6808842e-01   2.4027967e+00   1.6053372e+00   9.7188870e-01
  -1.2780414e-01  -8.0533433e-02  -2.2437775e-01  -1.8557436e-01
  -9.9654814e-01  -1.6910550e+00  -6.8133736e-01  -9.1400949e-01
  -1.1511071e+00   1.6192254e+00   3.8494367e-01   5.6124579e-01
  -7.2215929e-01   2.3035529e+00   7.1017973e-01   7.1450599e-01
  -1.5496801e-01   1.1141147e+00   5.3658332e-01   6.5925837e-01
  -9.1854065e-01   1.4725864e+00   1.2972410e+00   6.4191689e-01
   3.5222939e-01  -7.6870707e-01  -1.0001030e-01  -4.4244919e-01
   6.1082885e-01   1.8726363e+00   1.6496089e+00   6.4670982e-01
   8.0076550e-01   1.6750507e+00   1.1586398e+00   6.3496676e-01
   4.4854868e-01   2.1848905e+00   8.4519139e-01   1.3864197e+00
  -1.0520860e+00   1.2319030e+00   2.6958788e-01   2.0200410e-01
  -1.0500370e+00   1.2072137e+00   7.0418380e-01   4.6426113e-01
  -6.1864416e-01   1.4151775e+00   2.1052890e+00   5.6576156e-01
  -4.2546430e-01   1.7648041e+00   2.1294794e+00   9.3003069e-01
  -9.4567194e-01   1.4192637e+00   9.0479074e-02   6.5188555e-01
  -3.3319551e-01   1.9914580e+00   1.0538966e+00   1.1435980e+00
  -2.5374483e-01   1.0259247e+00   1.1828185e+00   8.9233469e-01
  -1.4791094e+00   2.2826003e+00   3.4755195e+00   1.2215733e+00
   4.8721057e-01   1.5409117e+00   5.1150539e-01   1.3412848e+00
  -7.5495259e-02   1.6208585e-01   1.0758396e-01   8.3233046e-02
  -1.2487274e+00  -6.2019498e-01  -2.7247748e-01   1.6717084e-01
   1.9856339e-02   3.2824038e-01   7.0217377e-01   3.6056245e-01
   9.4029055e-02  -4.8932492e-02   9.2711037e-02  -2.0570714e-01
  -5.4688648e-01   1.8481852e+00   2.0115865e-01   8.0498166e-01
  -4.6230379e-01   1.5259470e+00   7.5154554e-01   6.9843368e-01
   3.1514064e-01   1.9862391e+00   1.5060695e+00   8.4508171e-01
   2.5123374e-01   7.1284883e-01   8.5348768e-02   3.0448597e-01
  -9.6219656e-01   1.0530598e+00   5.4037348e-01   4.2669700e-01
  -1.1071552e-01   1.5522031e+00   4.3787807e-01   9.8517628e-01
  -9.6709336e-01   1.9593652e+00   8.3483448e-01   8.6775985e-01
  -6.0706855e-01   7.8959581e-01   5.1278708e-01   1.0680033e+00
  -2.6723784e-01   2.3405970e+00   8.1896145e-01   9.3733639e-01
   1.0768033e-01   1.2166076e+00   7.0001109e-01   3.3315005e-01
  -1.8736803e-01   2.0076807e+00   9.2409981e-01   4.6249272e-01
   4.9850968e-02   7.5958952e-01   3.7679704e-01   6.8237119e-01
   1.1372351e-01   1.3511125e+00   8.1071906e-01   1.0759292e+00
   1.2589101e+00   9.6971638e-01   1.0473887e+00   9.3788163e-01
  -1.1704234e+00   1.4145603e+00   1.1155676e+00   6.6246993e-01
  -5.3311479e-01   2.5479626e+00   2.0382973e+00   9.7029135e-01
  -8.4099866e-01   1.1836965e+00  -7.5377174e-01   1.3110432e+00
   2.9083070e-01   1.0844713e+00   5.2645641e-01   2.6299899e-01
   2.2136896e-01   1.7571392e+00   1.3416154e+00   5.9149897e-01
  -5.1840031e-01   1.6768934e+00   2.4399334e+00   9.5408294e-01
  -7.4196275e-01   2.2606170e+00  -2.0067075e-01   1.0333603e+00
  -1.2233503e-02   2.2236055e+00   9.6191483e-01   5.2032834e-01
  -3.9154544e-01   1.2942749e+00   1.1022238e+00   1.0411182e+00
   5.0285518e-01   3.4745694e-01   8.1734476e-01   8.0666053e-01
  -3.8308088e-01   1.5673061e+00   4.7101531e-01   4.5827197e-01
  -5.4900468e-01   1.8253281e+00   1.0864897e+00   4.1719928e-01
  -2.9007775e-01  -1.0368511e+00  -6.4191823e-01  -5.4404779e-01
   1.0183090e-01  -1.0483495e+00  -1.7993599e-01  -3.7703882e-01
   1.5638930e+00   1.2717875e+00   6.6344900e-01   1.8462305e+00
  -1.2040485e+00   2.0151591e+00   1.4465126e-01   1.4170566e+00
   2.8294051e-01   1.4642589e+00   1.4579987e+00   6.7429763e-01
  -1.1929734e+00   1.6695608e+00   4.6637282e-01   7.7582548e-01
   8.1282538e-01   1.9963320e+00   1.5642669e+00   1.1913276e+00
   2.1913744e-02  -8.9860980e-01  -1.3952377e-01  -1.3496122e-01
   4.6340551e-02  -1.2480147e+00  -2.3146560e-01  -2.6798277e-01
  -8.4737533e-01   1.9335284e+00   1.4349096e+00   3.9287344e-01
  -4.7323117e-01   1.3874106e+00  -7.7603264e-01   5.7353390e-01
   7.2234627e-02   7.1523478e-01   5.6844074e-01   1.6701313e-01
  -2.2080715e+00   2.0103083e+00   4.9195182e-01   2.6153060e-01
  -4.7585338e-01   1.6884712e+00   2.0825700e+00   1.3579409e+00
   8.9993604e-01   4.0462317e-01   8.7069455e-01   6.8107340e-01
  -5.2030669e-01   1.6168818e+00   2.9451740e-01   7.2212484e-01
   2.1893304e-01   2.7902168e+00   1.2618754e+00   1.1888573e+00
   2.6850103e-01   2.1083060e+00   4.2855350e-01   8.1678343e-01
  -1.0916502e-01   1.2942095e+00   4.5551072e-01  -9.9756823e-02
  -1.3259279e-01   5.1618470e-01   1.5193460e+00   5.9625731e-01
  -4.9154487e-01   1.5354711e+00   4.2030209e-01   1.0691201e+00
  -8.0639384e-01   1.1131528e+00   5.5101878e-01   5.4631795e-01
  -9.8807341e-01   1.5658689e+00  -6.1592979e-01   7.2507341e-01
  -2.6081142e-01   2.2319394e+00   1.1857009e+00   1.1035561e+00
  -1.5363588e-01   2.3582975e+00   1.4138146e+00   2.1878124e+00
   8.2004834e-01   1.7416344e+00   1.0319709e+00   1.0983389e+00
  -6.5798531e-01   2.9249201e+00   1.3095373e+00   1.5923015e+00
  -2.0215152e-01  -1.0636920e+00  -4.4126487e-01  -7.5634898e-01
   7.9251824e-01   1.7208563e+00  -6.6745372e-03   1.0854340e+00
  -1.0149094e-01   1.7270642e+00  -2.2665155e-01   9.9614199e-01
  -1.2831205e+00   1.3017658e+00   3.4174070e-01   1.6602429e-01
   5.3848676e-01  -7.5922540e-01   2.5141433e-01  -1.0095799e-02
  -3.9726074e-01   8.6523944e-01   1.8167434e+00   3.8488595e-01
  -4.3707847e-01   4.9232205e-02  -3.6473394e-01  -2.2510416e-01
  -1.0589688e+00   9.4857970e-01   1.4426749e+00   4.7154121e-01
  -4.5804452e-03   1.2374395e+00   9.9355395e-01   4.8476102e-02
  -4.4288525e-01   1.9858014e+00   2.4861117e-01   9.7396454e-01
  -8.5867919e-01   1.7834883e+00  -1.2520068e-01   1.5314175e+00
  -4.2255564e-01   2.0368018e+00   7.1345017e-01   5.7749936e-01
   6.6718921e-01   2.0952796e+00   1.1132669e+00   6.1840071e-02
   1.2090378e-01   1.7355711e+00   7.8118210e-01   6.5615203e-01
  -9.5212019e-01   3.1422254e+00   1.4824431e-01   9.1817112e-01
  -1.4781780e+00   1.7726963e+00  -4.8071299e-01   1.7168466e+00
  -1.1270204e+00   1.2568994e+00   3.1725504e-01   6.3306595e-01
   2.3206667e-01  -7.9865566e-01   1.2069963e-01   3.9231582e-02
  -9.3708098e-01   1.1649619e+00   6.8337334e-01   7.0416731e-01
  -4.4566281e-01   5.0072384e-02  -1.9237621e-01  -8.3693322e-02
   1.7026665e-01   1.8383386e+00   9.4216759e-01   1.9353652e+00
  -3.3453239e-01   9.2925625e-01  -3.3010464e+00   1.2715356e+00
  -6.6103289e-01   1.9189545e+00   1.9066747e-01   1.2426749e+00
  -8.2932616e-01  -1.4274265e+00  -4.3476463e-01  -6.9533523e-01
  -2.9789667e-01   1.8804468e+00   2.3638005e+00   5.8659077e-01
   3.7232755e-01  -9.1379697e-01   2.0206757e-01  -1.2862821e-01
   1.0462431e-01   7.4770031e-01   5.1980123e-01   7.2836376e-01
  -4.2285685e-01   9.6684120e-01   5.6781251e-01   1.0539580e+00
  -2.2236790e-02   1.2843894e+00  -8.3110253e-01   9.4991502e-01
  -1.1902198e+00   1.1317018e+00   1.2388061e-01   8.1759165e-01
  -1.9160396e-01   9.3032259e-01   6.2935549e-01   4.7231842e-01
  -3.4899225e-01   2.3440420e+00   4.4277399e-01   6.4512117e-01
   6.9328497e-01   1.5775539e+00   1.1773855e+00   1.1834929e+00
  -2.6914964e-01   1.5726449e+00   6.7693684e-01   9.5152426e-01
   5.2285774e-01   4.8820136e-01   1.1310327e+00   6.8802924e-01
   9.6553715e-01   2.1098518e+00   1.3461852e+00   7.5752774e-01
  -8.2432008e-01   2.1162948e+00   9.1083652e-01   1.0164060e+00
  -9.6000819e-01   1.4878327e+00   4.8271750e-01   2.1831772e-01
  -1.0583375e+00   9.1356333e-01   2.4102810e-01   2.7130723e-01
  -6.0985609e-01   1.1787273e+00   1.7876011e+00   1.2714115e+00
  -8.5868248e-01   1.8088913e+00   1.2885560e+00   7.7777867e-01
  -8.2219545e-01   1.6976433e+00   3.9157235e-01   7.9490211e-01
  -3.8463079e-01   6.5263722e-01   5.7775914e-01   5.5099321e-01
   1.2602810e-01  -8.4991871e-01  -5.5868707e-02  -3.0274699e-01
   1.9333864e-01  -1.2394329e+00  -2.0677533e-01  -2.5374602e-01
   9.3119745e-01   1.3439759e+00   1.3563488e+00   5.8569947e-01
  -7.6259073e-01   1.4737342e+00  -3.0686794e-01   8.3622167e-01
  -1.0108890e+00   1.6864493e+00   1.2729026e+00   1.0490150e+00
  -1.0371059e+00   2.0409172e+00  -1.1303416e-01   1.6620845e+00
  -1.2712526e-02   8.5927186e-02   1.1999415e-01   1.2501019e-01
  -1.2349536e+00   1.3088122e+00   6.5438697e-02   5.5944838e-01
  -2.6923605e-01   2.2140928e+00   1.6189447e+00   7.9881328e-01
  -8.7419379e-01   1.8799191e+00   8.0281939e-01   4.4427629e-01
  -9.6234919e-01   1.6546491e+00   2.1638862e-01   1.0554684e+00
   1.0702928e+00   8.0973765e-01   5.4428918e-01   9.0160077e-02
   5.6710639e-01   1.9718685e+00   2.0006145e+00   8.4653184e-01
   4.7520373e-01   1.5214947e+00   1.0116952e-01   8.3686321e-01
  -3.0082366e-01  -1.3754427e+00  -1.8028193e-01  -5.8136860e-01
   6.2653905e-02   1.1690292e+00   5.8735554e-01   7.8171961e-01
   8.7728100e-01   1.0717455e+00   9.2176800e-01   1.7405905e+00
  -1.8022830e+00   2.4258923e+00   3.6312876e-01   8.2259076e-01
  -2.6413955e-02   2.7492337e-01   4.4037059e-01   2.1408102e-01
  -1.4128848e-01   7.6289634e-01   1.1530774e+00   1.0443239e-01
  -3.6959919e-01   6.0099506e-01   1.0647876e-01   1.0190175e-01
   3.0543226e-01   1.2320000e+00   1.4546569e+00   1.2590634e+00
  -3.6398008e-01   1.4816368e+00   9.2310240e-01   9.3604473e-01
  -3.1302285e-01   1.8679268e+00   1.6019205e+00   8.5612580e-01
   6.4919994e-01   8.3532342e-01   3.7896597e-01   1.5089335e-01
  -6.9609752e-02  -8.9523538e-01  -3.8818019e-01  -4.1730528e-01
  -1.3213736e+00   1.7313504e+00   2.0533134e+00   4.6157675e-01
   1.0837487e+00   1.5889842e+00   1.7567143e+00   1.0210973e+00
   6.3170707e-01   1.4517327e-01   4.7132128e-01   2.4781246e-01
  -6.6718936e-02   8.2605449e-01   2.9635236e-01   2.2287432e-01
  -1.7574935e-01   1.2198941e+00   5.9775788e-01   6.9289890e-01
   2.2976735e-01   1.6332494e+00   7.9730012e-01   1.3377600e+00
   2.2335380e-01   8.9139551e-02   1.2313581e-01   4.5301770e-01
  -1.0567449e+00   1.6957532e+00   4.1503547e-02   9.6966091e-01
   1.9284953e-01   2.3147848e+00   1.1442033e+00   4.0999660e-01
   1.2482063e-02   2.4698666e+00   1.2680147e+00   6.5066463e-01
   5.7093800e-01   1.5534005e+00   1.0870140e+00   7.6525350e-01
  -1.2575951e-01   2.0082412e+00   6.7119475e-01   1.2386663e+00
  -7.5928407e-01   1.0767798e+00   5.0623870e-01   4.6518823e-01
  -7.1776287e-01   1.5996444e+00   1.1406022e+00   9.4586136e-01
  -5.8138701e-01   1.8664368e+00   1.0067734e+00   1.2573925e+00
   3.3470576e-02   2.2571663e+00   4.1853723e-01   9.9405616e-01
  -6.9885883e-01   2.2947163e+00   1.6382007e+00   1.1496675e+00
  -8.5392257e-01  -3.7593216e-01   2.2302136e-01  -6.3856378e-01
  -3.3493281e-01   1.6961351e+00   9.4228481e-01   6.2753239e-01
  -2.0750326e-01   1.6128943e+00  -7.5335054e-01   9.4875348e-01
   7.9866261e-01   1.2052126e-02   6.3713540e-01   5.4947769e-01
   9.6466857e-01   1.3419376e+00   1.7932842e+00   7.9527922e-01
  -5.2663395e-01  -1.1888504e+00  -5.0878799e-01  -6.4885381e-01
  -3.0202271e-01   1.6970373e+00   1.1346661e+00   1.0079440e+00
   1.1261941e+00   4.0911192e-01   1.1724090e+00   8.4025525e-01
   1.6115082e+00   4.7318274e-01   9.9148884e-01   9.1795720e-01
  -3.3976825e-01   3.5531796e-01   3.1508374e-01   5.9615444e-01
   8.1182305e-02   9.8219709e-01  -5.3181314e-02   5.8937785e-01
  -6.3936106e-01   1.8996702e+00   6.1433423e-01   1.3788026e+00
  -5.3562245e-02  -5.9704165e-02   6.3170053e-02   4.6448823e-01
  -4.4330242e-03   1.2059403e+00   5.0879058e-01   4.4931234e-01
  -4.0305479e-01  -1.2636867e+00  -6.6812033e-01  -5.6678087e-01
  -3.4734481e-01   1.1284923e+00   2.4390727e-01  -9.7550003e-02
  -5.3120023e-01   2.1510511e+00   2.5320615e+00   8.9430219e-01
  -1.7944158e-01   1.5008494e+00   9.1136984e-01   8.8447472e-01
   1.4127019e-01   1.9690026e+00   2.3306766e-01   1.1113993e+00
  -7.4703166e-01   1.3501364e+00  -1.9086188e-01   1.0302279e+00
  -1.5701474e-01   7.6218351e-01   1.5133576e+00   4.4986629e-01
  -7.0703106e-01  -4.9345551e-01  -3.7878226e-01  -3.3980801e-01
   5.3194181e-01   1.5496558e+00   9.9322325e-01   4.9717954e-01
   2.8721029e-01   2.0616350e+00  -3.5075046e-01   7.0865990e-01
  -9.5496153e-01   1.4122636e+00  -9.2860522e-02   2.0132084e-01
   9.9095700e-01   1.8863145e+00   9.7540400e-01   1.2536155e+00
  -2.7840431e-01   2.5044174e-01   7.2389220e-02  -4.2045120e-02
  -1.2202587e+00   1.5669594e+00   2.7665982e+00   1.0989353e+00
  -7.4796304e-01   1.5184207e+00   8.2651652e-01   1.0230039e+00
  -6.7639637e-01   1.2521190e+00   1.5361228e+00   1.3700095e+00
  -1.0174748e+00   2.3654566e+00   1.8727418e-01   7.4974716e-01
  -4.6232167e-03   2.3209388e+00   9.3117009e-01   7.4864070e-01
  -1.0405922e-01   1.7141406e+00   1.7182097e+00   1.0763828e+00
   1.1888570e+00   8.8016050e-01   1.4651350e+00   7.3932550e-01
   2.3461862e-01  -7.8687344e-01  -4.9501334e-01  -3.8335122e-01
  -8.7548102e-01   2.5808336e+00   1.1553410e+00   9.4173101e-01
   2.0878540e-01   8.9507123e-01   5.0815662e-01   5.1496881e-01
  -1.0286392e+00   1.9581944e+00   1.7292676e+00   3.9926997e-01
   4.9192395e-01   9.2752243e-01   9.8538729e-01   1.0700995e+00
  -6.0282697e-01   1.7295098e+00   1.2499951e+00   5.5337083e-01
  -6.4879862e-01   1.8166248e+00   1.9614717e+00   1.0189923e-01
  -8.9750878e-02   2.2761053e+00   1.1467544e+00   3.9276107e-01
  -3.9182559e-01   2.7910545e+00   6.4155096e-01   7.3762674e-01
  -2.1952899e-01   1.3544209e+00   1.9390454e+00   6.3993327e-01
  -3.6239807e-01   1.2925301e+00   5.4691874e-01   4.9867902e-01
  -9.3634282e-01   1.7766878e+00   4.8684529e-01   1.0161604e+00
   5.2733968e-01   1.5180301e+00   4.2510499e-01   6.9179785e-01
  -2.8419261e-01   1.4972786e+00   2.6397950e-01   7.0438918e-01
   5.0436300e-01   1.4885255e+00   8.9049700e-01   8.8584450e-01
  -6.9274330e-01   4.2064368e-01   1.1801799e-02  -3.5379854e-01
   3.3987470e-01  -1.5763780e-01  -2.7170044e-02   6.4303119e-02
   4.5813465e-01   1.8279007e+00   8.5189936e-01   2.0722984e-01
  -6.8175864e-01   1.2236451e+00   1.4143680e+00   1.2088677e+00
   6.4566947e-01   6.9137211e-01   1.1627549e+00   8.8519076e-01
   4.3263108e-01   1.4769804e+00   1.4659814e+00   1.0073391e+00
   1.4665006e-01   1.2828960e+00   1.1021260e+00   1.1468566e+00
  -1.4236783e+00   1.8011626e+00   2.1159613e+00   6.6455246e-01
  -2.7018709e-01   1.5058183e+00  -1.7874529e-01   1.6295199e+00
   5.3573914e-02   1.5204019e+00   1.2899569e+00   5.4900329e-01
  -7.9934728e-01   2.3269977e+00   8.6813339e-01   1.1950132e+00
   4.9212574e-01  -2.2153215e-01   2.8509451e-01  -5.2779197e-02
   2.4572431e-01   1.6314067e+00   8.4934484e-01   1.0004034e+00
  -5.7125282e-02   2.0235128e+00   5.2869297e-01   1.1933125e+00
  -8.4886593e-01   1.5025998e+00   1.5037113e+00   1.2640816e+00
   2.0616468e-01   1.7765326e+00   7.7948652e-01   9.5304227e-01
  -1.3278187e+00   1.6380616e+00   1.4144993e+00   6.2910223e-01
  -8.8042336e-01   9.6302755e-01  -3.4515908e-01   8.3886720e-01
   1.2428926e-01   2.0790804e+00   7.2205006e-01   5.9012886e-01
