-0.4428,-0.4428,-0.4428,-0.74981
0.0085278,0.0085278,0.0085278,-0.19605
-0.37094,-0.37094,-0.37094,-0.62592
0.11183,0.11183,0.11183,-0.32574
-0.24231,-0.24231,-0.24231,-0.9042
-0.057932,-0.057932,-0.057932,-0.42327
-0.051622,-0.051622,-0.051622,-1.3583
1.3251,1.3251,1.3251,0.71814
0.47789,0.47789,0.47789,0.18156
-0.29303,-0.29303,-0.29303,-0.51602
-0.081509,-0.081509,-0.081509,-0.44103
0.26448,0.26448,0.26448,-0.56023
-0.5456,-0.5456,-0.5456,-0.059416
0.48942,0.48942,0.48942,0.0078784
-0.47477,-0.47477,-0.47477,-1.3349
-0.39956,-0.39956,-0.39956,-0.74095
-0.13694,-0.13694,-0.13694,0.027913
-0.54599,-0.54599,-0.54599,-0.99923
0.7319,0.7319,0.7319,0.56848
-0.010483,-0.010483,-0.010483,0.17221
-0.95497,-0.95497,-0.95497,-1.1903
-0.51713,-0.51713,-0.51713,-0.43058
-0.65952,-0.65952,-0.65952,-1.4627
0.2343,0.2343,0.2343,-0.080896
0.79245,0.79245,0.79245,0.033685
-0.090504,-0.090504,-0.090504,-0.43433
0.054487,0.054487,0.054487,-0.32532
-0.22588,-0.22588,-0.22588,-0.87328
0.88326,0.88326,0.88326,0.40666
-0.0041757,-0.0041757,-0.0041757,-0.62627
-0.42051,-0.42051,-0.42051,-0.67117
-0.34055,-0.34055,-0.34055,-0.51492
-1.0224,-1.0747,-0.83079,-1.1877
-0.81324,-0.81324,-0.81324,-1.1874
-0.040097,-0.040097,-0.040097,0.088263
0.027912,0.027912,0.027912,-0.59659
-0.2591,-0.2591,-0.2591,-1.571
-0.28982,-0.28982,-0.28982,-0.10405
0.38395,0.38395,0.38395,-1.4614
-0.3726,-0.3726,-0.3726,0.12714
0.51424,0.51424,0.51424,-0.38372
0.75467,0.75467,0.75467,0.16531
-0.6415,-0.6415,-0.6415,-0.6043
-0.055289,-0.055289,-0.055289,0.38472
0.051103,0.051103,0.051103,0.079721
-0.10897,-0.10897,-0.10897,-0.88179
0.012588,0.012588,0.012588,-0.91012
0.27379,0.27379,0.27379,0.79356
-0.091006,-0.091006,-0.091006,-0.56524
-0.41651,-0.41651,-0.41651,-0.48473
-0.28789,-0.28789,-0.28789,-1.2311
-0.26812,-0.26812,-0.26812,-0.80338
0.62417,0.62417,0.62417,0.37338
-0.53397,-0.53397,-0.53397,-0.25396
-0.11736,-0.11736,-0.11736,-0.9288
-0.26292,-0.26292,-0.26292,-0.40564
0.17269,0.17269,0.17269,0.1064
-0.18081,-0.18081,-0.18081,-0.23586
-0.4953,-0.4953,-0.4953,-0.97243
-0.49044,-0.49044,-0.49044,-0.35388
-0.50994,-0.50994,-0.50994,-0.70704
-0.47589,-0.47589,-0.47589,-0.9641
0.62708,0.62708,0.62708,0.1477
-0.089024,-0.089024,-0.089024,-0.23186
-0.8875,-0.8875,-0.8875,-0.86959
0.58708,0.58708,0.58708,0.21118
0.9235,0.9235,0.9235,-0.21344
-0.14853,-0.14853,-0.14853,-0.18773
0.09809,0.09809,0.09809,-0.64017
-0.40873,-0.40873,-0.40873,-0.36348
-0.44122,-0.44122,-0.44122,-0.62505
-0.44863,-0.44863,-0.44863,-1.174
-0.18728,-0.18728,-0.18728,-1.0633
-0.19202,-0.19202,-0.19202,-0.2437
0.19965,0.19965,0.19965,-0.44859
-0.44115,-0.44115,-0.44115,-0.6884
-0.052119,-0.052119,-0.052119,-0.5621
-0.47643,-0.47643,-0.47643,-0.57105
-0.013492,-0.013492,-0.013492,-0.77564
-0.40935,-0.40935,-0.40935,-1.1935
0.0022095,0.0022095,0.0022095,-0.25167
0.11303,0.11303,0.11303,0.052916
0.45825,0.45825,0.45825,0.1583
-0.67577,-0.67577,-0.67577,-1.1315
-0.21214,-0.21214,-0.21214,0.045179
0.60868,0.60868,0.60868,0.52453
-0.29922,-0.29922,-0.29922,-0.15665
-0.42822,-0.42822,-0.42822,-1.0077
-0.28656,-0.28656,-0.28656,-0.53201
-1.4523,-0.85212,-0.86743,-1.2546
-0.5226,-0.5226,-0.5226,-0.9904
-0.43007,-0.43007,-0.43007,-0.64882
-0.45614,-0.45614,-0.45614,-0.18219
-0.062035,-0.062035,-0.062035,-0.41698
-0.3454,-0.3454,-0.3454,-0.26314
-0.22522,-0.22522,-0.22522,-0.005323
-0.6579,-0.6579,-0.6579,-0.70185
0.85015,0.85015,0.85015,0.62216
-0.19747,-0.19747,-0.19747,-0.54764
-0.54675,-0.54675,-0.54675,-0.84045
-0.16847,-0.16847,-0.16847,-0.88733
0.57101,0.57101,0.57101,-0.13737
-0.22391,-0.22391,-0.22391,0.10521
0.41376,0.41376,0.41376,0.1392
-0.20947,-0.20947,-0.20947,-0.27113
0.16982,0.16982,0.16982,0.056443
-0.29504,-0.29504,-0.29504,0.11767
0.574,0.574,0.574,0.42421
-0.95789,-0.95789,-0.95789,-1.2568
-0.66063,-0.66063,-0.66063,-1.1085
0.035264,0.035264,0.035264,0.042986
0.07307,0.07307,0.07307,0.042619
-0.81298,-0.81298,-0.81298,-0.89916
0.19917,0.19917,0.19917,0.26078
-0.11735,-0.11735,-0.11735,-1.116
-0.080404,-0.080404,-0.080404,-0.69787
0.09444,0.09444,0.09444,-0.70211
-0.68736,-0.68736,-0.68736,-1.4615
0.014785,0.014785,0.014785,-0.29932
0.37858,0.37858,0.37858,-0.50345
-0.064073,-0.064073,-0.064073,-0.17795
-0.24277,-0.24277,-0.24277,-0.17306
0.02969,0.02969,0.02969,-0.53287
1.2484,1.2484,1.2484,0.69196
0.51254,0.51254,0.51254,-0.35734
-0.20837,-0.20837,-0.20837,-1.5604
-0.03841,-0.03841,-0.03841,-0.019138
0.51526,0.51526,0.51526,0.29242
-0.60776,-0.60776,-0.60776,-0.94561
-1.5805,-1.1958,-0.92089,-1.1574
-0.37815,-0.37815,-0.37815,-1.0682
0.094516,0.094516,0.094516,-0.53701
-0.51171,-0.51171,-0.51171,-0.28255
0.5232,0.5232,0.5232,0.48734
0.096569,0.096569,0.096569,-0.73922
-0.46057,-0.46057,-0.46057,-0.9621
-0.23682,-0.23682,-0.23682,-0.44545
-0.22794,-0.22794,-0.22794,-0.6552
-0.62925,-0.62925,-0.62925,-1.3143
-0.027756,-0.027756,-0.027756,0.53377
-0.58383,-0.58383,-0.58383,-1.1024
-0.18153,-0.18153,-0.18153,-0.17117
-0.36734,-0.36734,-0.36734,-0.22582
0.74313,0.74313,0.74313,0.32576
0.023688,0.023688,0.023688,0.032
-0.58288,-0.58288,-0.58288,-0.75481
-0.42975,-0.42975,-0.42975,-0.16749
-0.36844,-0.36844,-0.36844,-1.0646
0.62572,0.62572,0.62572,0.14588
-0.96009,-1.1716,-1.4524,-0.34775
-0.86687,-0.86687,-0.86687,-0.36556
-0.27846,-0.27846,-0.27846,-0.40465
-0.32842,-0.32842,-0.32842,-1.0722
0.080944,0.080944,0.080944,-0.49479
0.20265,0.20265,0.20265,0.084726
-0.8168,-0.8168,-0.8168,-1.0885
0.28424,0.28424,0.28424,0.39825
-0.24966,-0.24966,-0.24966,-1.1153
-0.31435,-0.31435,-0.31435,-0.45861
-0.2889,-0.2889,-0.2889,-1.4714
-0.65941,-0.65941,-0.65941,-1.3553
-0.0047779,-0.0047779,-0.0047779,-0.46039
-0.22919,-0.22919,-0.22919,-1.1401
0.46571,0.46571,0.46571,-0.010809
-0.57779,-0.57779,-0.57779,-1.36
-1.129,-1.129,-1.129,-1.8876
0.2579,0.2579,0.2579,-0.4531
-0.15997,-0.15997,-0.15997,-0.3109
-0.23868,-0.23868,-0.23868,-0.3855
-0.18861,-0.18861,-0.18861,-0.23598
-0.32449,-0.32449,-0.32449,-0.99224
-0.33611,-0.33611,-0.33611,-0.40353
-0.16696,-0.16696,-0.16696,0.003551
0.010973,0.010973,0.010973,0.1044
0.19662,0.19662,0.19662,-0.71883
-0.62323,-0.62323,-0.62323,-1.3584
-0.041476,-0.041476,-0.041476,0.27439
0.31234,0.31234,0.31234,0.20165
0.27096,0.27096,0.27096,-0.37677
0.64881,0.64881,0.64881,0.41185
-1.6716,-1.6738,-1.5175,-0.92937
-0.65325,-0.65325,-0.65325,-0.65376
-0.19413,-0.19413,-0.19413,-0.068973
-0.20554,-0.20554,-0.20554,-0.080466
-0.58771,-0.58771,-0.58771,-1.0325
-0.054156,-0.054156,-0.054156,-0.57998
-0.40812,-0.40812,-0.40812,-1.1185
0.029402,0.029402,0.029402,-0.0078248
-0.73722,-1.1563,-1.6098,-0.90303
-0.67044,-0.67044,-0.67044,-1.207
-0.29434,-0.29434,-0.29434,0.033408
0.37205,0.37205,0.37205,0.073877
-0.80299,-0.80299,-0.80299,-0.82397
0.016885,0.016885,0.016885,-0.93582
0.056035,0.056035,0.056035,-0.68875
-0.18489,-0.18489,-0.18489,-0.71831
-0.28794,-0.28794,-0.28794,-0.81735
-0.76071,-1.2219,-0.74359,-1.3646
-0.3752,-0.3752,-0.3752,-1.2168
0.68182,0.68182,0.68182,0.61521
-0.58942,-0.58942,-0.58942,-0.59892
-0.099744,-0.099744,-0.099744,-0.39213
-0.42731,-0.42731,-0.42731,-0.24784
-0.39714,-0.39714,-0.39714,-1.3009
-0.081381,-0.081381,-0.081381,-1.0571
0.038866,0.038866,0.038866,-0.65542
-0.52593,-0.52593,-0.52593,-0.5811
0.10023,0.10023,0.10023,0.17488
-0.13592,-0.13592,-0.13592,0.030723
-0.079443,-0.079443,-0.079443,0.2565
-0.35557,-0.35557,-0.35557,-1.4189
-0.11525,-0.11525,-0.11525,0.23344
-0.33018,-0.33018,-0.33018,-0.066036
0.10166,0.10166,0.10166,-0.93633
-0.92022,-1.2497,-1.1622,-0.55153
-0.64438,-0.64438,-0.64438,-0.5662
-0.085076,-0.085076,-0.085076,0.18009
-0.098409,-0.098409,-0.098409,0.094092
-0.038076,-0.038076,-0.038076,-1.0246
-0.17219,-0.17219,-0.17219,-0.36135
-0.26308,-0.26308,-0.26308,0.1348
0.32314,0.32314,0.32314,0.20921
-0.65447,-0.65447,-0.65447,-0.73414
-0.52937,-0.52937,-0.52937,0.1835
-0.43414,-0.43414,-0.43414,-0.40904
-1.096,-1.096,-1.096,-0.53441
-1.0494,-1.4572,-1.3114,-0.69335
-0.2202,-0.2202,-0.2202,-0.37452
-0.26964,-0.26964,-0.26964,-0.040582
0.12462,0.12462,0.12462,-1.2826
0.82447,0.82447,0.82447,-0.027445
-0.55531,-0.55531,-0.55531,0.0731
-0.118,-0.118,-0.118,-0.69096
0.15046,0.15046,0.15046,0.30041
-0.0223,-0.0223,-0.0223,-0.64677
0.32638,0.32638,0.32638,-0.042517
-0.97893,-1.0317,-0.61953,-1.2192
0.17111,0.17111,0.17111,-0.13441
-0.16705,-0.16705,-0.16705,-0.51596
-1.0533,-1.0533,-1.0533,-1.6155
-0.65378,-0.65378,-0.65378,-1.0226
-0.30191,-0.30191,-0.30191,-0.68257
-0.19012,-0.19012,-0.19012,-0.49426
0.069501,0.069501,0.069501,-0.072123
-0.04182,-0.04182,-0.04182,-0.8222
0.44787,0.44787,0.44787,0.51403
-0.015281,-0.015281,-0.015281,-0.65941
-0.040169,-0.040169,-0.040169,-1.1845
0.49363,0.49363,0.49363,-0.098945
-0.35,-0.35,-0.35,-0.50666
-0.57929,-0.57929,-0.57929,-1.2957
-0.95584,-0.95584,-0.95584,-1.0283
-0.25705,-0.25705,-0.25705,-0.6191
-0.57612,-0.57612,-0.57612,-0.75099
-0.3767,-0.3767,-0.3767,-0.48065
0.37314,0.37314,0.37314,0.0070307
-0.31542,-0.31542,-0.31542,-0.53945
-0.50805,-0.50805,-0.50805,-0.9933
0.55922,0.55922,0.55922,-0.15581
0.12624,0.12624,0.12624,0.21316
0.44412,0.44412,0.44412,0.23694
0.179,0.179,0.179,-0.97302
0.40926,0.40926,0.40926,0.05097
-0.46486,-0.46486,-0.46486,-0.73494
-0.34787,-0.34787,-0.34787,-0.28662
0.32177,0.32177,0.32177,-0.021996
0.25696,0.25696,0.25696,0.46059
-0.36967,-0.36967,-0.36967,-0.39616
-1.4416,-0.71487,-0.98368,-0.53066
-0.65928,-0.65928,-0.65928,-0.74065
0.5862,0.5862,0.5862,0.61936
-0.64878,-0.64878,-0.64878,-0.8498
0.17183,0.17183,0.17183,-0.6756
0.71054,0.71054,0.71054,0.75237
-0.83757,-0.95266,-1.1578,-0.56259
-0.056031,-0.056031,-0.056031,0.028084
0.049512,0.049512,0.049512,-0.89142
-0.01992,-0.01992,-0.01992,-0.31657
-0.30028,-0.30028,-0.30028,-0.42906
-0.20702,-0.20702,-0.20702,-0.80228
-0.31644,-0.31644,-0.31644,-0.27442
-0.20424,-0.20424,-0.20424,-0.66971
-0.037364,-0.037364,-0.037364,-0.045479
-0.26505,-0.26505,-0.26505,-0.3862
-0.62261,-0.62261,-0.62261,-1.2935
-0.37813,-0.37813,-0.37813,-0.74757
-0.19062,-0.19062,-0.19062,-0.61794
-0.89152,-0.89152,-0.89152,-0.95317
-0.44064,-0.44064,-0.44064,-0.098352
-0.39789,-0.39789,-0.39789,-1.6044
0.11548,0.11548,0.11548,-0.65945
0.42865,0.42865,0.42865,-0.078205
-2.0409,-1.3026,-0.87126,-1.0532
-0.61416,-0.61416,-0.61416,-0.79924
-0.15378,-0.15378,-0.15378,-0.31089
-0.34723,-0.34723,-0.34723,-1.0863
0.066792,0.066792,0.066792,-1.1125
-0.014161,-0.014161,-0.014161,0.093011
-0.14826,-0.14826,-0.14826,-0.15524
0.19603,0.19603,0.19603,-0.95235
-0.31044,-0.31044,-0.31044,0.029235
0.015923,0.015923,0.015923,-0.1676
-0.085243,-0.085243,-0.085243,-1.1354
-0.1487,-0.1487,-0.1487,-0.26362
-0.069366,-0.069366,-0.069366,-0.35465
0.69555,0.69555,0.69555,0.27965
0.35381,0.35381,0.35381,-0.5332
0.69994,0.69994,0.69994,0.42373
-0.087528,-0.087528,-0.087528,-0.46414
-0.15563,-0.15563,-0.15563,-1.086
-0.0058818,-0.0058818,-0.0058818,-0.218
-0.65986,-0.65986,-0.65986,-0.053269
-1.0096,-1.0096,-1.0096,-0.79282
-0.79129,-0.79129,-0.79129,-0.82369
-0.58834,-0.59785,-0.70413,-0.87534
-0.082713,-0.082713,-0.082713,-0.18325
-0.55358,-0.55358,-0.55358,-0.54966
0.22718,0.22718,0.22718,0.0056441
-0.09964,-0.09964,-0.09964,-0.41996
-0.73584,-0.73584,-0.73584,-0.91727
-0.26617,-0.26617,-0.26617,0.20315
0.23948,0.23948,0.23948,-0.68162
0.095476,0.095476,0.095476,-0.83317
-0.48646,-0.48646,-0.48646,0.2192
-0.07282,-0.07282,-0.07282,-0.40426
-0.87342,-0.87342,-0.87342,-1.9238
-0.13394,-0.13394,-0.13394,-0.2117
-0.41042,-0.41042,-0.41042,-1.1253
-0.26206,-0.26206,-0.26206,-0.38505
-0.84144,-0.84144,-0.84144,-1.3076
0.062365,0.062365,0.062365,0.26851
1.129,1.129,1.129,0.57649
-0.63843,-0.63843,-0.63843,-0.27737
-0.21033,-0.21033,-0.21033,-0.84929
0.6699,0.6699,0.6699,0.74065
-0.45425,-0.45425,-0.45425,-0.30917
-0.33891,-0.33891,-0.33891,-0.46257
0.37603,0.37603,0.37603,0.65786
0.24914,0.24914,0.24914,-0.22176
-0.57452,-0.57452,-0.57452,-1.3129
-0.51007,-0.51007,-0.51007,-0.22933
-0.3814,-0.3814,-0.3814,-0.37756
-0.2908,-0.2908,-0.2908,-0.68191
1.2876,1.2876,1.2876,0.30498
-0.12977,-0.12977,-0.12977,-0.95631
0.49198,0.49198,0.49198,-0.23202
-0.2346,-0.2346,-0.2346,-0.22048
-0.84425,-0.84425,-0.84425,-0.97329
-0.56853,-0.56853,-0.56853,-1.1979
-0.62857,-0.62857,-0.62857,-1.132
-0.16959,-0.16959,-0.16959,-0.12412
-0.33139,-0.33139,-0.33139,-0.47926
-0.079696,-0.079696,-0.079696,-0.75404
-0.65164,-0.65164,-0.65164,-0.80022
-0.15518,-0.15518,-0.15518,0.10034
-0.28767,-0.28767,-0.28767,-0.58901
-1.1994,-1.1994,-1.1994,-1.2352
-0.5454,-0.5454,-0.5454,-0.98818
-0.64572,-0.64572,-0.64572,-0.20287
-0.29627,-0.29627,-0.29627,-0.73734
0.066262,0.066262,0.066262,-0.4132
-1.0419,-0.92633,-1.3294,-0.541
-0.18822,-0.18822,-0.18822,-0.46927
0.069807,0.069807,0.069807,-0.25046
-0.2249,-0.2249,-0.2249,-0.24613
0.50213,0.50213,0.50213,0.78674
-0.0060274,-0.0060274,-0.0060274,-0.1469
-0.050886,-0.050886,-0.050886,-0.76212
-0.35861,-0.35861,-0.35861,-1.4654
0.15776,0.15776,0.15776,-0.062369
-0.42823,-0.42823,-0.42823,-0.92027
-0.2516,-0.2516,-0.2516,-1.4091
0.045169,0.045169,0.045169,0.24078
0.62981,0.62981,0.62981,0.16252
0.32832,0.32832,0.32832,0.51004
-0.64853,-0.64853,-0.64853,-1.2758
-0.66247,-0.66247,-0.66247,-0.71026
-0.22461,-0.22461,-0.22461,-0.64981
-0.33755,-0.33755,-0.33755,-0.052768
-0.34742,-0.34742,-0.34742,-0.94744
-0.30515,-0.30515,-0.30515,-0.55917
-0.7128,-0.7128,-0.7128,-0.99279
-1.0563,-1.0941,-0.31833,-1.323
-1.1743,-1.1743,-1.1743,-0.85159
-0.52003,-0.52003,-0.52003,-0.42694
-0.037697,-0.037697,-0.037697,0.27519
-0.54364,-0.54364,-0.54364,-0.93104
-0.17723,-0.17723,-0.17723,-1.5827
-0.52193,-0.52193,-0.52193,-0.92689
-0.025223,-0.025223,-0.025223,0.36193
0.078186,0.078186,0.078186,-0.38517
0.25984,0.25984,0.25984,-0.75503
-0.051956,-0.051956,-0.051956,-0.55701
0.078054,0.078054,0.078054,0.4739
-0.18769,-0.18769,-0.18769,-0.36966
0.14877,0.14877,0.14877,0.11794
-0.54796,-0.54796,-0.54796,-0.57473
-0.20607,-0.20607,-0.20607,-0.3328
-0.13982,-0.13982,-0.13982,-3.6618e-05
0.25619,0.25619,0.25619,0.048345
-1.142,-1.142,-1.142,-1.468
-0.3137,-0.3137,-0.3137,-0.2084
-1.0293,-1.0293,-1.0293,-1.0842
-0.40365,-0.40365,-0.40365,-0.32991
-0.4546,-0.4546,-0.4546,-1.5052
-0.53853,-0.53853,-0.53853,-0.59978
-0.26523,-0.26523,-0.26523,-0.30777
-0.95557,-0.95557,-0.95557,-0.90498
-0.93167,-1.1026,-1.0768,-0.75742
0.0049311,0.0049311,0.0049311,-0.013632
-0.70113,-0.70113,-0.70113,-0.55242
0.097904,0.097904,0.097904,-0.50459
-0.73796,-0.73796,-0.73796,-0.89763
-0.75044,-0.75044,-0.75044,-1.3021
-1.0552,-1.2881,-1.2529,-1.4487
0.13673,0.13673,0.13673,-0.5441
-2.0767,-2.0767,-2.0767,-1.4775
0.060029,0.060029,0.060029,-0.56455
-0.13323,-0.13323,-0.13323,-0.37353
-0.12037,-0.12037,-0.12037,-0.84109
-0.14185,-0.14185,-0.14185,-0.32701
-0.29141,-0.29141,-0.29141,-0.29054
-0.089646,-0.089646,-0.089646,-0.51811
0.17078,0.17078,0.17078,-0.3425
-0.36572,-0.36572,-0.36572,-0.98211
-0.28372,-0.28372,-0.28372,-0.31773
0.69551,0.69551,0.69551,-0.018736
-0.52277,-0.52277,-0.52277,-0.88925
-0.22651,-0.22651,-0.22651,-0.52302
0.068616,0.068616,0.068616,0.12494
0.70543,0.70543,0.70543,0.71664
-1.4082,-1.4082,-1.4082,-1.4428
-0.34091,-0.34091,-0.34091,-0.91028
-0.24118,-0.24118,-0.24118,-0.52316
0.22885,0.22885,0.22885,-0.67398
0.01006,0.01006,0.01006,-0.76745
-0.86728,-1.262,-0.91561,-1.4955
0.47339,0.47339,0.47339,-0.6208
-0.084326,-0.084326,-0.084326,-0.78259
0.10506,0.10506,0.10506,0.47635
-0.30957,-0.30957,-0.30957,-0.47163
-0.54284,-0.54284,-0.54284,-1.4305
0.091872,0.091872,0.091872,0.58441
0.20887,0.20887,0.20887,-0.47038
-1.0724,-1.0724,-1.0724,-0.87394
-0.28505,-0.28505,-0.28505,-0.6657
-1.328,-1.328,-1.328,-1.0009
0.049936,0.049936,0.049936,-0.71205
0.075374,0.075374,0.075374,0.11173
-0.25745,-0.25745,-0.25745,-0.53762
-0.03703,-0.03703,-0.03703,0.20917
-0.22234,-0.22234,-0.22234,-0.35193
-0.50484,-0.50484,-0.50484,-1.3284
0.44188,0.44188,0.44188,-0.10611
-0.83145,-0.83145,-0.83145,-0.55889
-0.073656,-0.073656,-0.073656,-0.97952
-0.74807,-0.85487,-0.7565,-0.99714
-0.34262,-0.34262,-0.34262,-0.18951
-0.1582,-0.1582,-0.1582,-0.77534
-0.16362,-0.16362,-0.16362,-0.12325
-0.61192,-0.61192,-0.61192,-1.1642
-0.38612,-0.38612,-0.38612,-0.77678
-0.67003,-0.67003,-0.67003,-0.81864
-0.20186,-0.20186,-0.20186,-0.045795
0.11318,0.11318,0.11318,-0.90034
-0.48979,-0.48979,-0.48979,-0.55891
-0.081382,-0.081382,-0.081382,-0.47474
-0.83888,-0.83888,-0.83888,-0.55666
-0.20641,-0.20641,-0.20641,-0.33802
0.17047,0.17047,0.17047,0.2507
-0.3101,-0.3101,-0.3101,-0.8528
-1.247,-1.1686,-1.1107,-1.7424
0.39339,0.39339,0.39339,-0.94199
-0.10734,-0.10734,-0.10734,-0.99102
-0.84805,-0.84805,-0.84805,-0.45831
-0.33515,-0.33515,-0.33515,-0.38175
0.11211,0.11211,0.11211,-0.18187
-0.19066,-0.19066,-0.19066,-0.69415
-0.36261,-0.36261,-0.36261,0.040081
-0.72496,-0.72496,-0.72496,-1.3035
-0.061776,-0.061776,-0.061776,-0.35927
0.05684,0.05684,0.05684,-0.021768
-0.1965,-0.1965,-0.1965,-0.64146
-0.96483,-1.0796,-0.68569,-1.2881
-0.57303,-0.57303,-0.57303,-0.74585
-0.29608,-0.29608,-0.29608,-0.5732
-0.62203,-0.62203,-0.62203,-0.7891
-0.32301,-0.32301,-0.32301,-0.57133
-0.0065194,-0.0065194,-0.0065194,0.40791
0.093775,0.093775,0.093775,-0.83802
-0.1217,-0.1217,-0.1217,-0.61186
0.64298,0.64298,0.64298,0.51003
-0.44497,-0.44497,-0.44497,-0.94567
-0.11115,-0.11115,-0.11115,-0.055323
-0.66969,-0.66969,-0.66969,-0.91417
-0.34792,-0.34792,-0.34792,-0.53494
-0.67951,-0.67951,-0.67951,-1.2288
-0.30176,-0.30176,-0.30176,-0.46804
-0.1251,-0.1251,-0.1251,-0.13059
0.63571,0.63571,0.63571,0.56394
-0.55579,-0.55579,-0.55579,-1.0781
0.11317,0.11317,0.11317,-0.69539
-0.54944,-0.54944,-0.54944,-1.5704
0.78472,0.78472,0.78472,0.11537
-0.1242,-0.1242,-0.1242,-0.83829
-0.036624,-0.036624,-0.036624,0.071979
-0.021307,-0.021307,-0.021307,-0.17253
-0.99434,-0.99434,-0.99434,-1.4366
-0.12422,-0.12422,-0.12422,-0.83444
0.43872,0.43872,0.43872,0.16757
-0.55858,-0.55858,-0.55858,-1.2681
-0.036336,-0.036336,-0.036336,-0.37343
-0.0096864,-0.0096864,-0.0096864,-0.86874
-0.11488,-0.11488,-0.11488,-0.39165
0.3722,0.3722,0.3722,-0.32022
0.67245,0.67245,0.67245,0.46308
-0.072774,-0.072774,-0.072774,-1.1552
-0.15479,-0.15479,-0.15479,0.16556
0.46154,0.46154,0.46154,-0.083993
0.0043266,0.0043266,0.0043266,-0.033249
-0.099016,-0.099016,-0.099016,-1.0473
0.71046,0.71046,0.71046,0.11142
-1.0078,-1.0078,-1.0078,-0.79667
-0.41799,-0.41799,-0.41799,-0.63416
0.0052479,0.0052479,0.0052479,0.18173
-0.038601,-0.038601,-0.038601,0.27504
-0.96447,-0.96447,-0.96447,-1.0325
0.57065,0.57065,0.57065,0.19516
-0.62373,-0.62373,-0.62373,-1.1919
-0.9681,-1.0983,-0.79156,-0.99409
-0.26263,-0.26263,-0.26263,-0.23662
-0.6474,-0.6474,-0.6474,-1.2202
0.20008,0.20008,0.20008,-1.3416
-0.10363,-0.10363,-0.10363,-0.12464
-0.2025,-0.2025,-0.2025,0.11679
-0.23936,-0.23936,-0.23936,-0.60684
-0.29148,-0.29148,-0.29148,-0.94669
-0.74791,-0.74791,-0.74791,-0.91722
0.16141,0.16141,0.16141,0.53393
0.41477,0.41477,0.41477,0.75539
-0.23255,-0.23255,-0.23255,-0.89177
-0.013599,-0.013599,-0.013599,-0.38962
-0.35639,-0.35639,-0.35639,-0.42323
-0.47612,-0.47612,-0.47612,-0.57365
0.26583,0.26583,0.26583,0.20089
-0.44985,-0.44985,-0.44985,-1.0434
-0.48472,-0.48472,-0.48472,-1.221
0.24205,0.24205,0.24205,-0.34119
-0.38428,-0.38428,-0.38428,-0.32956
-0.73696,-0.73696,-0.73696,-0.61341
-0.7336,-0.7336,-0.7336,-0.89619
-0.015316,-0.015316,-0.015316,-0.61893
-1.4523,-0.85212,-0.86743,-1.2546
-0.52552,-0.52552,-0.52552,-0.35714
0.22045,0.22045,0.22045,-0.56786
-0.21159,-0.21159,-0.21159,0.050555
-0.83177,-0.83177,-0.83177,-1.2475
-1.0103,-1.0684,-1.7282,-0.61336
0.3532,0.3532,0.3532,0.024256
-0.16493,-0.16493,-0.16493,-0.2233
-0.45503,-0.45503,-0.45503,-1.6155
-1.2964,-1.0608,-0.54033,-1.4815
0.31742,0.31742,0.31742,0.12731
0.023128,0.023128,0.023128,-0.20196
-0.31551,-0.31551,-0.31551,-0.678
-0.96101,-0.96101,-0.96101,-0.53473
0.44345,0.44345,0.44345,0.75206
0.34039,0.34039,0.34039,0.56259
0.01303,0.01303,0.01303,-0.11602
0.59218,0.59218,0.59218,0.49497
0.027439,0.027439,0.027439,-0.24001
-0.26628,-0.26628,-0.26628,-0.10169
-0.29716,-0.29716,-0.29716,-1.3011
-0.94978,-0.94978,-0.94978,-1.2653
-0.57588,-0.57588,-0.57588,-1.5652
-0.06354,-0.06354,-0.06354,-0.93505
-0.86296,-0.86296,-0.86296,-1.2752
-0.2099,-0.2099,-0.2099,-1.526
1.0703,1.0703,1.0703,0.24313
-0.56202,-0.56202,-0.56202,-0.95962
-0.52345,-0.52345,-0.52345,-0.6152
-0.42035,-0.42035,-0.42035,-1.1632
-0.17485,-0.17485,-0.17485,-0.98754
-0.34863,-0.34863,-0.34863,-0.61205
-0.44659,-0.44659,-0.44659,-0.56676
-0.11543,-0.11543,-0.11543,-1.0786
-0.4399,-0.4399,-0.4399,-0.90354
0.98895,0.98895,0.98895,0.093335
-0.60932,-0.60932,-0.60932,-0.97068
-0.10007,-0.10007,-0.10007,-1.1784
0.5372,0.5372,0.5372,-0.11453
-0.48561,-0.48561,-0.48561,-0.016707
-0.99302,-0.99302,-0.99302,-0.99999
-0.1375,-0.1375,-0.1375,-0.40062
-0.99795,-0.99795,-0.99795,-0.72343
-0.20807,-0.20807,-0.20807,-0.83008
0.38206,0.38206,0.38206,-0.15507
-0.66106,-0.66106,-0.66106,-1.2442
-0.11895,-0.11895,-0.11895,-0.6791
0.23687,0.23687,0.23687,-0.52874
-0.10068,-0.10068,-0.10068,0.30813
-0.14356,-0.14356,-0.14356,0.16691
-0.080415,-0.080415,-0.080415,-0.45819
-0.70938,-1.2969,-1.0713,-1.1662
-0.41248,-0.41248,-0.41248,-0.58549
-0.55079,-0.55079,-0.55079,-0.60419
-0.33282,-0.33282,-0.33282,-0.82877
0.74782,0.74782,0.74782,-0.096742
-0.042376,-0.042376,-0.042376,-0.18012
-1.2346,-1.2346,-1.2346,-1.6887
-0.52082,-0.52082,-0.52082,-0.5001
-1.123,-1.123,-1.123,-0.46463
0.1593,0.1593,0.1593,0.22014
0.31883,0.31883,0.31883,-0.19665
-1.4416,-0.71487,-0.98368,-0.53066
0.73453,0.73453,0.73453,0.49562
-0.052211,-0.052211,-0.052211,-0.30806
-0.14463,-0.14463,-0.14463,0.0070242
-0.63821,-0.63821,-0.63821,-1.0705
-1.6347,-1.6347,-1.6347,-1.5727
-0.75138,-1.0727,-1.916,-0.99649
-0.11033,-0.11033,-0.11033,-0.48635
-1.2907,-0.65891,-0.66667,-0.92479
0.53471,0.53471,0.53471,0.54419
-0.55053,-0.55053,-0.55053,-0.9509
0.096672,0.096672,0.096672,-0.60547
-0.14546,-0.14546,-0.14546,-0.85617
-0.71854,-0.71854,-0.71854,-1.3129
-0.80689,-0.80689,-0.80689,-1.274
-0.2282,-0.2282,-0.2282,-0.41833
-0.59822,-0.59822,-0.59822,-0.43481
0.60572,0.60572,0.60572,-0.18346
-0.20802,-0.20802,-0.20802,-1.0751
0.40501,0.40501,0.40501,0.25007
-0.23316,-0.23316,-0.23316,-0.063074
0.29095,0.29095,0.29095,-0.5126
-1.0211,-1.0884,-0.70721,-0.26009
0.053109,0.053109,0.053109,-0.20018
-0.17149,-0.17149,-0.17149,-0.8507
0.80536,0.80536,0.80536,0.17265
-0.239,-0.239,-0.239,-0.65804
-0.33468,-0.33468,-0.33468,-0.54557
-0.089823,-0.089823,-0.089823,-0.51551
-0.42712,-0.42712,-0.42712,-0.28796
-0.6146,-0.6146,-0.6146,-1.1866
0.40186,0.40186,0.40186,-0.030436
-0.82631,-0.82631,-0.82631,-1.2103
-0.2236,-0.2236,-0.2236,-0.33401
-0.78062,-0.78062,-0.78062,-0.69651
0.031757,0.031757,0.031757,0.16934
-0.24658,-0.24658,-0.24658,-0.65477
-0.14336,-0.14336,-0.14336,-0.32452
-0.96483,-1.0796,-0.68569,-1.2881
-1.0297,-1.1221,-0.85884,-1.2635
-0.53764,-0.53764,-0.53764,-0.67383
-0.073765,-0.073765,-0.073765,-0.94376
-0.67023,-0.67023,-0.67023,-1.1281
0.24944,0.24944,0.24944,-0.25176
-0.17524,-0.17524,-0.17524,0.0034422
-0.10989,-0.10989,-0.10989,-0.46008
-0.52062,-0.52062,-0.52062,-0.99961
-0.60339,-0.60339,-0.60339,-0.60541
-0.3802,-0.3802,-0.3802,-0.98395
-0.8007,-0.8007,-0.8007,-1.0155
-0.027588,-0.027588,-0.027588,-1.0481
-0.01753,-0.01753,-0.01753,-0.1311
-0.2911,-0.2911,-0.2911,-0.52671
-0.62464,-0.62464,-0.62464,-0.83224
-0.68387,-0.68387,-0.68387,-0.54983
-0.57385,-0.57385,-0.57385,-0.69305
-0.02333,-0.02333,-0.02333,-0.061625
-1.0736,-1.0736,-1.0736,-1.1173
-0.21243,-0.21243,-0.21243,0.10012
-0.23305,-0.23305,-0.23305,-0.037139
-0.40997,-0.40997,-0.40997,-1.1362
-0.5549,-0.5549,-0.5549,-0.63492
-0.071527,-0.071527,-0.071527,-0.66174
-0.67087,-0.98221,-1.4007,-0.72316
0.20931,0.20931,0.20931,-0.10388
-0.35683,-0.35683,-0.35683,-1.0374
-0.6717,-0.6717,-0.6717,-0.61575
-0.17116,-0.17116,-0.17116,-0.83508
-0.28337,-0.28337,-0.28337,-0.19852
-0.67627,-0.67627,-0.67627,-0.87101
-0.18734,-0.18734,-0.18734,-0.60743
-0.27577,-0.27577,-0.27577,-0.7168
0.65421,0.65421,0.65421,0.3697
-0.74678,-0.74678,-0.74678,-1.3403
-0.25501,-0.25501,-0.25501,-0.1907
-1.0236,-1.0236,-1.0236,-0.91145
-0.5502,-0.5502,-0.5502,-0.31136
-0.1245,-0.1245,-0.1245,-0.51578
0.86651,0.86651,0.86651,-0.025638
0.53506,0.53506,0.53506,0.17898
-0.34636,-0.34636,-0.34636,-0.48057
-0.43096,-0.43096,-0.43096,-0.15601
0.32054,0.32054,0.32054,0.41463
-0.66153,-0.66153,-0.66153,-1.3503
-0.055252,-0.055252,-0.055252,-0.89313
-0.39563,-0.39563,-0.39563,-0.57413
-0.45478,-0.45478,-0.45478,-1.0121
-0.5711,-0.5711,-0.5711,-0.84711
-0.53698,-0.53698,-0.53698,-0.43574
0.10223,0.10223,0.10223,0.41713
-1.6797,-1.0855,-0.34331,-1.2425
-0.9757,-0.9757,-0.9757,-0.84223
-1.3108,-1.3108,-1.3108,-1.2232
-0.25462,-0.25462,-0.25462,-0.34538
-0.29896,-0.29896,-0.29896,-0.34212
-0.1207,-0.1207,-0.1207,0.079303
-0.2865,-0.2865,-0.2865,-1.2258
0.38808,0.38808,0.38808,0.48465
-0.7076,-0.7076,-0.7076,-0.43027
0.18283,0.18283,0.18283,-0.10796
0.58383,0.58383,0.58383,-0.5834
0.18305,0.18305,0.18305,0.19002
-0.45362,-0.45362,-0.45362,0.21386
-0.67732,-0.67732,-0.67732,-1.2816
-0.11298,-0.11298,-0.11298,0.35256
0.21582,0.21582,0.21582,0.24466
-0.97122,-0.97122,-0.97122,-1.0985
-0.43529,-0.43529,-0.43529,-0.6309
-0.78862,-0.78862,-0.78862,-1.6259
-0.10462,-0.10462,-0.10462,-0.44301
0.13373,0.13373,0.13373,-0.13831
-0.60765,-0.60765,-0.60765,-0.51052
-0.18869,-0.18869,-0.18869,-0.095389
0.0070192,0.0070192,0.0070192,-0.11412
-0.27708,-0.27708,-0.27708,-0.5862
0.93872,0.93872,0.93872,-0.17021
-0.39691,-0.39691,-0.39691,-0.43762
-0.48259,-0.48259,-0.48259,-0.92089
-0.79204,-0.79204,-0.79204,-1.1022
-0.13397,-0.13397,-0.13397,-0.46455
-0.41958,-0.41958,-0.41958,-0.87395
-0.21446,-0.21446,-0.21446,-1.2164
0.23247,0.23247,0.23247,0.40326
0.04715,0.04715,0.04715,-0.21123
-0.25738,-0.25738,-0.25738,-1.0968
-0.25131,-0.25131,-0.25131,-0.3925
0.62571,0.62571,0.62571,-0.18158
0.10686,0.10686,0.10686,-0.40166
-0.9843,-0.9843,-0.9843,-0.99503
0.084295,0.084295,0.084295,0.10011
0.65591,0.65591,0.65591,0.32338
-0.12077,-0.12077,-0.12077,0.14641
0.58677,0.58677,0.58677,0.04256
0.18264,0.18264,0.18264,-0.13991
0.75143,0.75143,0.75143,0.23232
0.054362,0.054362,0.054362,-1.2348
-0.50837,-0.50837,-0.50837,-0.75443
-0.22719,-0.22719,-0.22719,-0.37761
-0.52003,-0.52003,-0.52003,-1.1366
-0.02857,-0.02857,-0.02857,-0.37631
0.12307,0.12307,0.12307,0.14723
-0.037976,-0.037976,-0.037976,-0.31008
-0.2815,-0.2815,-0.2815,-0.1335
0.69483,0.69483,0.69483,0.2763
-0.096056,-0.096056,-0.096056,-0.11511
-0.58797,-0.58797,-0.58797,-1.0968
-0.089374,-0.089374,-0.089374,0.21297
0.46004,0.46004,0.46004,0.068549
0.42979,0.42979,0.42979,0.51824
-0.89843,-0.89843,-0.89843,-1.2681
-0.059151,-0.059151,-0.059151,-0.51934
-1.136,-1.136,-1.136,-1.2501
-0.53821,-0.53821,-0.53821,-0.55566
-0.33493,-0.33493,-0.33493,-0.45301
0.16016,0.16016,0.16016,0.25799
-0.55188,-0.55188,-0.55188,-0.97495
-0.073429,-0.073429,-0.073429,-0.53895
-0.0114,-0.0114,-0.0114,-1.0774
-0.40928,-0.40928,-0.40928,-0.80338
0.30563,0.30563,0.30563,0.32751
1.3309,1.3309,1.3309,0.47771
0.25147,0.25147,0.25147,0.18623
-0.85086,-0.85086,-0.85086,-1.2396
0.043848,0.043848,0.043848,-0.67223
0.16194,0.16194,0.16194,0.39073
-0.26624,-0.26624,-0.26624,-0.74455
-0.7828,-0.7828,-0.7828,-1.0455
0.30293,0.30293,0.30293,0.15074
0.10052,0.10052,0.10052,-0.37682
-0.32801,-0.32801,-0.32801,-0.57467
-1.1331,-0.95999,-0.43604,-1.1138
0.12684,0.12684,0.12684,-0.32748
-0.18093,-0.18093,-0.18093,-0.38061
0.27517,0.27517,0.27517,-1.3293
1.2535,1.2535,1.2535,0.42476
-0.34964,-0.34964,-0.34964,-0.081582
0.72446,0.72446,0.72446,0.15269
-0.326,-0.326,-0.326,-0.44587
-0.12866,-0.12866,-0.12866,-0.28433
-0.42833,-0.42833,-0.42833,-0.53979
-0.22672,-0.22672,-0.22672,-0.47457
0.033923,0.033923,0.033923,-1.1029
0.34321,0.34321,0.34321,-0.32698
-0.05798,-0.05798,-0.05798,0.10696
0.030103,0.030103,0.030103,-0.37542
-0.59362,-0.59362,-0.59362,0.0088612
-0.079541,-0.079541,-0.079541,-0.70744
-0.50398,-0.50398,-0.50398,-0.7711
-0.13999,-0.13999,-0.13999,-0.64212
0.0041332,0.0041332,0.0041332,0.42638
-0.60003,-0.60003,-0.60003,-1.3953
0.22604,0.22604,0.22604,0.4252
-0.071298,-0.071298,-0.071298,-0.6299
-0.36532,-0.36532,-0.36532,-0.18402
0.40204,0.40204,0.40204,-0.45
0.61751,0.61751,0.61751,-0.1463
0.19991,0.19991,0.19991,0.13456
-1.332,-1.332,-1.332,-1.1387
-0.91247,-0.91247,-0.91247,-0.94924
-0.50196,-0.50196,-0.50196,-0.98958
0.50091,0.50091,0.50091,0.33494
-0.12513,-0.12513,-0.12513,-0.37047
-0.073417,-0.073417,-0.073417,0.14702
-0.31507,-0.31507,-0.31507,-0.081129
0.17422,0.17422,0.17422,0.089532
-1.6054,-1.6054,-1.6054,-1.0577
-0.45379,-0.45379,-0.45379,-0.62131
-0.37111,-0.37111,-0.37111,-0.65909
-0.14863,-0.14863,-0.14863,-0.51057
-0.25138,-0.25138,-0.25138,-0.53119
-0.81591,-0.81591,-0.81591,-0.41754
-0.74025,-0.74025,-0.74025,-0.58517
-0.37665,-0.37665,-0.37665,-1.0264
0.92947,0.92947,0.92947,-0.16395
-0.18998,-0.18998,-0.18998,0.08451
-0.48963,-0.48963,-0.48963,-0.48299
-0.08119,-0.08119,-0.08119,-0.58642
0.14457,0.14457,0.14457,-0.89443
-0.1632,-0.1632,-0.1632,-0.89519
-0.16308,-0.16308,-0.16308,-0.32616
-0.46043,-0.46043,-0.46043,-1.1086
-0.66607,-0.66607,-0.66607,-1.2699
-0.11101,-0.11101,-0.11101,-0.51169
1.2264,1.2264,1.2264,0.67354
-0.45183,-0.45183,-0.45183,-0.67682
0.29022,0.29022,0.29022,-0.82545
-0.23546,-0.23546,-0.23546,-0.55756
-0.52347,-0.52347,-0.52347,-1.591
-0.39838,-0.39838,-0.39838,-0.21835
-0.82742,-0.82742,-0.82742,-0.62321
-0.090401,-0.090401,-0.090401,-0.19011
-0.56326,-0.56326,-0.56326,-1.3394
0.10023,0.10023,0.10023,-0.37985
-0.72448,-0.72448,-0.72448,-0.78159
-0.48641,-0.48641,-0.48641,-0.18043
-0.24799,-0.24799,-0.24799,-1.2509
-0.12614,-0.12614,-0.12614,-0.74502
-0.28656,-0.28656,-0.28656,-1.5275
-1.2481,-1.2597,-1.5257,-0.82747
0.36159,0.36159,0.36159,-0.083681
-0.15118,-0.15118,-0.15118,-0.54764
-0.84369,-0.84369,-0.84369,-1.024
0.17033,0.17033,0.17033,-0.14235
0.23818,0.23818,0.23818,-0.14003
0.87425,0.87425,0.87425,0.40954
0.5696,0.5696,0.5696,0.84339
-0.48794,-0.48794,-0.48794,-0.33837
-0.23756,-0.23756,-0.23756,-0.22677
-0.48028,-0.48028,-0.48028,-0.44774
0.52873,0.52873,0.52873,0.79525
-1.3513,-1.3513,-1.3513,-1.4953
-0.50915,-0.50915,-0.50915,-0.75807
0.056789,0.056789,0.056789,0.083752
-0.60246,-1.1506,-2.1478,-1.0019
-0.68636,-0.68636,-0.68636,-1.0826
-0.30103,-0.30103,-0.30103,-0.91837
-0.52915,-0.52915,-0.52915,-1.087
0.057749,0.057749,0.057749,0.023998
-0.74478,-1.0353,-1.3088,-0.74929
0.3029,0.3029,0.3029,-0.39714
-0.078145,-0.078145,-0.078145,-0.65217
-0.35689,-0.35689,-0.35689,-0.68095
0.27963,0.27963,0.27963,0.20431
-0.68829,-0.68829,-0.68829,-0.85688
-0.74807,-0.85487,-0.7565,-0.99714
-0.43894,-0.43894,-0.43894,-0.44867
0.61244,0.61244,0.61244,0.64568
0.65854,0.65854,0.65854,0.54669
-0.127,-0.127,-0.127,0.044212
-0.21344,-0.21344,-0.21344,-0.95443
-0.81661,-0.81661,-0.81661,-0.60322
-0.11352,-0.11352,-0.11352,-0.55032
0.067928,0.067928,0.067928,-0.073763
-0.52618,-0.52618,-0.52618,-0.75617
-0.050268,-0.050268,-0.050268,-0.48617
-0.62885,-0.62885,-0.62885,-0.97309
0.25637,0.25637,0.25637,-0.63935
0.17486,0.17486,0.17486,0.051431
-0.33039,-0.33039,-0.33039,-0.94003
-0.18789,-0.18789,-0.18789,-0.71985
-0.23561,-0.23561,-0.23561,-1.0806
-0.32596,-0.32596,-0.32596,-0.1796
-0.27165,-0.27165,-0.27165,0.15146
-0.22246,-0.22246,-0.22246,-0.78659
0.52599,0.52599,0.52599,0.4594
1.0448,1.0448,1.0448,0.22337
-0.21866,-0.21866,-0.21866,-1.7725
-0.40971,-0.40971,-0.40971,-0.32231
-0.20206,-0.20206,-0.20206,-0.18939
-0.051062,-0.051062,-0.051062,-0.22315
0.33322,0.33322,0.33322,0.056588
-0.18695,-0.18695,-0.18695,0.43133
-0.24302,-0.24302,-0.24302,0.023294
-0.2318,-0.2318,-0.2318,-0.71849
0.21248,0.21248,0.21248,-0.35938
-0.41203,-0.41203,-0.41203,-0.77133
-0.35965,-0.35965,-0.35965,-1.0071
-0.18869,-0.18869,-0.18869,-0.15016
-0.51652,-0.51652,-0.51652,-0.95276
-0.43844,-0.43844,-0.43844,-0.33465
-0.052093,-0.052093,-0.052093,-0.98571
-0.38776,-0.38776,-0.38776,-0.85253
-0.40351,-0.40351,-0.40351,-1.3314
0.093993,0.093993,0.093993,-0.20813
0.32011,0.32011,0.32011,-0.44438
-0.25897,-0.25897,-0.25897,-0.083898
0.30736,0.30736,0.30736,0.33363
-0.15009,-0.15009,-0.15009,-0.4574
-0.015225,-0.015225,-0.015225,-0.3042
0.15765,0.15765,0.15765,0.30117
-0.49998,-0.49998,-0.49998,-0.12629
-0.071954,-0.071954,-0.071954,-0.3679
-0.10816,-0.10816,-0.10816,-0.44351
-0.748,-0.748,-0.748,-1.1199
0.17361,0.17361,0.17361,-0.6499
-0.3734,-0.3734,-0.3734,-0.48733
0.12495,0.12495,0.12495,0.27175
0.19061,0.19061,0.19061,-0.13396
-0.61795,-0.61795,-0.61795,-1.3095
-0.24934,-0.24934,-0.24934,-0.66638
0.12207,0.12207,0.12207,-0.20258
-0.73075,-0.73075,-0.73075,-0.73559
-0.32788,-0.32788,-0.32788,-0.26672
-0.71903,-0.71903,-0.71903,-1.1364
0.035378,0.035378,0.035378,-0.058787
-0.44869,-0.44869,-0.44869,-0.88483
-0.20681,-0.20681,-0.20681,-1.0617
-1.0064,-1.0064,-1.0064,-0.62587
-0.23714,-0.23714,-0.23714,0.17429
-0.54371,-0.54371,-0.54371,-1.0116
0,0,0,-0.65668
-0.90664,-0.90664,-0.90664,-0.73961
-1.0487,-1.0487,-1.0487,-1.0225
1.2435,1.2435,1.2435,0.74217
1.1299,1.1299,1.1299,0.76575
-1.1213,-0.74599,-0.40649,-1.0883
-0.78078,-0.78078,-0.78078,-1.5301
0.12954,0.12954,0.12954,-0.033196
0.26164,0.26164,0.26164,-0.99749
-0.03247,-0.03247,-0.03247,0.084605
0.84435,0.84435,0.84435,0.53823
1.0722,1.0722,1.0722,0.53319
-0.58365,-0.58365,-0.58365,-0.94766
-0.405,-0.405,-0.405,-0.56089
0.062708,0.062708,0.062708,0.21292
-0.40887,-0.40887,-0.40887,-0.56017
-0.23985,-0.23985,-0.23985,-0.99046
0.63473,0.63473,0.63473,0.44105
-0.67796,-0.67796,-0.67796,-0.77071
-0.063485,-0.063485,-0.063485,0.34338
-0.36191,-0.36191,-0.36191,-0.36809
0.17757,0.17757,0.17757,0.40762
-0.01876,-0.01876,-0.01876,-0.63805
-0.18732,-0.18732,-0.18732,-1.0089
-0.62428,-0.62428,-0.62428,-1.0058
-0.31739,-0.31739,-0.31739,-0.81042
-0.5372,-0.5372,-0.5372,-0.5553
-0.9201,-0.9201,-0.9201,-0.95165
-0.40045,-0.40045,-0.40045,-0.89098
-0.60617,-0.60617,-0.60617,-1.112
1.0304,1.0304,1.0304,0.53235
-1.0549,-1.0549,-1.0549,-1.2225
0.10719,0.10719,0.10719,-0.56409
-0.59667,-0.59667,-0.59667,-0.52789
0.81013,0.81013,0.81013,0.1925
-0.29373,-0.29373,-0.29373,-0.29557
0.22683,0.22683,0.22683,0.53713
-0.29256,-0.29256,-0.29256,-0.78446
-0.35139,-0.35139,-0.35139,-0.74495
-0.86166,-0.86166,-0.86166,-1.1477
-0.6717,-0.6717,-0.6717,-1.2264
-0.17535,-0.17535,-0.17535,-0.67558
-0.13359,-0.13359,-0.13359,0.096824
0.1834,0.1834,0.1834,0.04887
-1.0146,-1.0146,-1.0146,-1.1819
-0.23437,-0.23437,-0.23437,-0.53332
-0.3676,-0.3676,-0.3676,-0.60201
0.77111,0.77111,0.77111,0.15131
0.15837,0.15837,0.15837,-0.59699
0.19528,0.19528,0.19528,-0.20656
0.25309,0.25309,0.25309,-0.51331
-0.23315,-0.23315,-0.23315,-1.2944
-0.083782,-0.083782,-0.083782,-0.26869
0.63824,0.63824,0.63824,0.22448
-0.636,-0.636,-0.636,-0.99224
0.73769,0.73769,0.73769,0.20725
0.15004,0.15004,0.15004,-0.26797
0.13339,0.13339,0.13339,-0.27436
-0.32143,-0.32143,-0.32143,-1.1937
-0.043154,-0.043154,-0.043154,-0.79378
-0.50515,-0.50515,-0.50515,-0.064753
-0.10482,-0.10482,-0.10482,0.044775
0.14273,0.14273,0.14273,0.21662
-0.23534,-0.23534,-0.23534,-0.94023
0.47316,0.47316,0.47316,-0.13903
0.3742,0.3742,0.3742,0.22386
0.027949,0.027949,0.027949,-0.83034
-0.45756,-0.45756,-0.45756,0.062668
-0.49724,-0.49724,-0.49724,-0.48567
-0.27222,-0.27222,-0.27222,-0.69584
-0.095767,-0.095767,-0.095767,-0.65069
-0.16486,-0.16486,-0.16486,-0.15867
-0.1104,-0.1104,-0.1104,-0.55502
0.55538,0.55538,0.55538,0.48383
1.0302,1.0302,1.0302,0.255
-0.094835,-0.094835,-0.094835,0.071357
-0.50486,-0.50486,-0.50486,-1.2622
-0.81731,-0.81731,-0.81731,-1.5372
-0.82808,-0.82808,-0.82808,-1.4747
0.71871,0.71871,0.71871,0.01174
-0.89188,-0.89188,-0.89188,-0.51225
-0.37473,-0.37473,-0.37473,-0.25828
-0.33604,-0.33604,-0.33604,0.050866
-0.055365,-0.055365,-0.055365,-0.45125
0.37072,0.37072,0.37072,0.58502
0.068097,0.068097,0.068097,0.097261
-0.751,-0.751,-0.751,-0.71694
0.61122,0.61122,0.61122,-0.20556
-0.21669,-0.21669,-0.21669,-0.41468
-0.77103,-1.094,-0.95697,-1.2864
-1.3522,-1.3522,-1.3522,-1.3349
0.20298,0.20298,0.20298,-0.84494
0.72594,0.72594,0.72594,0.95894
-0.31893,-0.31893,-0.31893,-0.35523
-0.73343,-0.73343,-0.73343,-1.5694
-0.3789,-0.3789,-0.3789,-0.92821
-0.058965,-0.058965,-0.058965,-0.41992
0.27515,0.27515,0.27515,0.38906
1.0664,1.0664,1.0664,0.76971
-0.48414,-0.48414,-0.48414,-0.67288
0.12848,0.12848,0.12848,-0.074647
-0.0099623,-0.0099623,-0.0099623,0.34945
0.17365,0.17365,0.17365,0.10101
0.1639,0.1639,0.1639,-0.39438
0.099213,0.099213,0.099213,-0.19098
-0.43844,-0.43844,-0.43844,-1.4816
-0.39881,-0.39881,-0.39881,-1.0451
-0.072724,-0.072724,-0.072724,0.37616
-0.34676,-0.34676,-0.34676,0.19198
-0.87414,-0.944,-0.88603,-0.85412
-0.0028031,-0.0028031,-0.0028031,0.06085
-0.21588,-0.21588,-0.21588,-0.26305
0.15016,0.15016,0.15016,-1.0203
-0.20916,-0.20916,-0.20916,-0.70575
-0.058649,-0.058649,-0.058649,-0.37955
-1.582,-1.582,-1.582,-1.9665
0.35008,0.35008,0.35008,0.59735
-0.37392,-0.37392,-0.37392,-0.97292
-0.68676,-0.68676,-0.68676,-1.2025
0.33164,0.33164,0.33164,0.32123
0.078137,0.078137,0.078137,0.4977
0.63749,0.63749,0.63749,0.21287
-0.010666,-0.010666,-0.010666,-0.84007
-0.5532,-0.5532,-0.5532,-1.2492
0.30792,0.30792,0.30792,0.61398
-0.27528,-0.27528,-0.27528,-0.97943
-0.20792,-0.20792,-0.20792,-0.5279
-1.0862,-1.0862,-1.0862,-1.754
0.223,0.223,0.223,-0.83388
-0.26776,-0.26776,-0.26776,-0.68299
1.0297,1.0297,1.0297,0.56808
-0.27313,-0.27313,-0.27313,0.071684
0.046848,0.046848,0.046848,-0.10994
-0.025207,-0.025207,-0.025207,-0.2578
-0.5952,-0.5952,-0.5952,-1.6928
-0.19891,-0.19891,-0.19891,-0.94338
-0.17477,-0.17477,-0.17477,-0.12792
0.39051,0.39051,0.39051,-0.0053528
0.064399,0.064399,0.064399,0.60108
-0.86805,-0.86805,-0.86805,-1.0438
-1.0743,-1.0743,-1.0743,-0.7837
-0.81887,-0.77162,-0.57927,-0.75456
-0.18858,-0.18858,-0.18858,-0.094513
-0.99879,-0.99879,-0.99879,-1.1765
-0.61981,-0.61981,-0.61981,-0.89423
-0.76707,-0.76707,-0.76707,-2.1473
-0.79328,-0.79328,-0.79328,-0.76444
-0.40588,-0.40588,-0.40588,-0.55451
0.18788,0.18788,0.18788,0.018735
-0.46752,-0.86107,-1.2674,-0.5662
0.87919,0.87919,0.87919,0.6408
-0.15955,-0.15955,-0.15955,-0.48212
-0.81581,-0.81581,-0.81581,-1.149
-0.62532,-0.62532,-0.62532,-0.44605
0.48415,0.48415,0.48415,0.30359
0.13573,0.13573,0.13573,-0.56882
-0.50639,-0.50639,-0.50639,-0.70227
-0.6172,-0.6172,-0.6172,-0.97805
-0.51552,-0.51552,-0.51552,-0.95935
-0.68166,-0.68166,-0.68166,-0.90327
-0.30567,-0.30567,-0.30567,-0.13464
0.027226,0.027226,0.027226,-0.42852
0.058062,0.058062,0.058062,-0.33099
-0.21334,-0.21334,-0.21334,0.085542
-1.017,-1.1887,-0.97041,-0.70775
-0.81729,-0.81729,-0.81729,-0.45942
0.1578,0.1578,0.1578,-0.026966
-0.34091,-0.34091,-0.34091,0.48888
-0.95803,-0.95803,-0.95803,-1.1718
-0.37004,-0.37004,-0.37004,-1.4613
-0.48367,-0.48367,-0.48367,-0.73821
-0.36521,-0.36521,-0.36521,-1.0396
-0.73028,-0.73028,-0.73028,-0.93521
-0.94971,-0.94971,-0.94971,-1.7201
0.085523,0.085523,0.085523,-0.26344
-0.04116,-0.04116,-0.04116,-0.90787
0.46918,0.46918,0.46918,0.45948
-0.13287,-0.13287,-0.13287,-0.79817
-0.4035,-0.4035,-0.4035,-1.3534
-0.27639,-0.27639,-0.27639,-0.85442
-0.039859,-0.039859,-0.039859,-0.17805
-0.58882,-0.58882,-0.58882,-0.4883
-0.055163,-0.055163,-0.055163,-0.9264
-0.081726,-0.081726,-0.081726,-0.11703
