0.063661 0.063458 0.063255 0.063052 0.062849 0.062647 0.062443 0.062240 0.062037 0.061834 0.061630 0.061427 0.061224 0.061020 0.060816 0.060613 0.060528 0.060732 0.060935 0.061139 0.061342 0.061546 0.061749 0.061953 0.062156 0.062359 0.062562 0.062765 0.062968 0.063171 0.063374 0.063576 0.063779 0.063982 0.064184 0.064387 0.064589 0.064791 0.064994 0.065196 0.065398 0.065600 0.065802 0.066004 0.066205 0.066407 0.066609 0.066810 0.066659 0.066457 0.066255 0.066054 0.065852 0.065650 0.065448 0.065246 0.065044 0.064841 0.064639 0.064437 0.064234 0.064032 0.063829 0.063627 0.063424 0.063221 0.063018 0.062815 0.062612 0.062409 0.062206 0.062003 0.061800 0.061596 0.061393 0.061189 0.060986 0.060782 0.060578 0.060562 0.060766 0.060970 0.061173 0.061377 0.061580 0.061783 0.061987 0.062190 0.062393 0.062596 0.062799 0.063002 0.063205 0.063408 0.063611 0.063813 0.064016 0.064218 0.064421 0.064623 0.064825 0.065028 0.065230 0.065432 0.065634 0.065836 0.066038 0.066239 0.066441 0.066643 0.060477 0.060681 0.060885 0.061089 0.061292 0.061495 0.061699 0.061902 0.062105 0.062309 0.062512 0.062715 0.062918 0.063121 0.063323 0.063526 

0.063641 0.063438 0.063235 0.063033 0.062830 0.062627 0.062424 0.062221 0.062018 0.061814 0.061611 0.061408 0.061204 0.061001 0.060797 0.060594 0.060509 0.060713 0.060916 0.061120 0.061323 0.061526 0.061730 0.061933 0.062136 0.062339 0.062542 0.062745 0.062948 0.063151 0.063354 0.063556 0.063759 0.063962 0.064164 0.064366 0.064569 0.064771 0.064973 0.065175 0.065377 0.065579 0.065781 0.065983 0.066185 0.066386 0.066588 0.066790 0.066638 0.066436 0.066235 0.066033 0.065831 0.065629 0.065427 0.065225 0.065023 0.064821 0.064619 0.064417 0.064214 0.064012 0.063809 0.063607 0.063404 0.063201 0.062998 0.062796 0.062593 0.062390 0.062187 0.061983 0.061780 0.061577 0.061374 0.061170 0.060967 0.060763 0.060559 0.060543 0.060747 0.060950 0.061154 0.061357 0.061561 0.061764 0.061967 0.062170 0.062373 0.062576 0.062779 0.062982 0.063185 0.063388 0.063591 0.063793 0.063996 0.064198 0.064400 0.064603 0.064805 0.065007 0.065209 0.065411 0.065613 0.065815 0.066017 0.066219 0.066420 0.066622 0.060458 0.060662 0.060866 0.061069 0.061273 0.061476 0.061679 0.061883 0.062086 0.062289 0.062492 0.062695 0.062898 0.063101 0.063304 0.063506 

0.063581 0.063378 0.063176 0.062973 0.062770 0.062568 0.062365 0.062162 0.061959 0.061756 0.061553 0.061350 0.061146 0.060943 0.060740 0.060536 0.060452 0.060655 0.060858 0.061062 0.061265 0.061468 0.061671 0.061875 0.062078 0.062280 0.062483 0.062686 0.062889 0.063091 0.063294 0.063497 0.063699 0.063901 0.064104 0.064306 0.064508 0.064710 0.064912 0.065114 0.065316 0.065518 0.065719 0.065921 0.066123 0.066324 0.066526 0.066727 0.066576 0.066374 0.066173 0.065971 0.065769 0.065568 0.065366 0.065164 0.064962 0.064760 0.064558 0.064356 0.064154 0.063951 0.063749 0.063547 0.063344 0.063142 0.062939 0.062736 0.062534 0.062331 0.062128 0.061925 0.061722 0.061519 0.061315 0.061112 0.060909 0.060705 0.060502 0.060486 0.060689 0.060893 0.061096 0.061299 0.061502 0.061706 0.061909 0.062112 0.062315 0.062517 0.062720 0.062923 0.063126 0.063328 0.063531 0.063733 0.063935 0.064138 0.064340 0.064542 0.064744 0.064946 0.065148 0.065350 0.065552 0.065753 0.065955 0.066157 0.066358 0.066559 0.060401 0.060605 0.060808 0.061011 0.061215 0.061418 0.061621 0.061824 0.062027 0.062230 0.062433 0.062636 0.062839 0.063041 0.063244 0.063446 

0.063481 0.063279 0.063076 0.062874 0.062672 0.062469 0.062267 0.062064 0.061861 0.061659 0.061456 0.061253 0.061050 0.060847 0.060644 0.060441 0.060356 0.060559 0.060762 0.060965 0.061168 0.061371 0.061574 0.061777 0.061980 0.062182 0.062385 0.062588 0.062790 0.062992 0.063195 0.063397 0.063599 0.063801 0.064003 0.064205 0.064407 0.064609 0.064810 0.065012 0.065214 0.065415 0.065617 0.065818 0.066019 0.066221 0.066422 0.066623 0.066472 0.066270 0.066069 0.065868 0.065667 0.065465 0.065264 0.065062 0.064860 0.064659 0.064457 0.064255 0.064053 0.063851 0.063649 0.063447 0.063245 0.063042 0.062840 0.062638 0.062435 0.062233 0.062030 0.061827 0.061625 0.061422 0.061219 0.061016 0.060813 0.060610 0.060406 0.060390 0.060593 0.060797 0.061000 0.061203 0.061406 0.061608 0.061811 0.062014 0.062216 0.062419 0.062622 0.062824 0.063026 0.063229 0.063431 0.063633 0.063835 0.064037 0.064239 0.064441 0.064643 0.064844 0.065046 0.065248 0.065449 0.065650 0.065852 0.066053 0.066254 0.066456 0.060306 0.060509 0.060712 0.060915 0.061118 0.061321 0.061524 0.061727 0.061930 0.062132 0.062335 0.062537 0.062740 0.062942 0.063144 0.063347 

0.063341 0.063140 0.062938 0.062736 0.062534 0.062332 0.062130 0.061927 0.061725 0.061523 0.061320 0.061118 0.060915 0.060713 0.060510 0.060307 0.060223 0.060426 0.060628 0.060831 0.061034 0.061236 0.061439 0.061641 0.061843 0.062045 0.062248 0.062450 0.062652 0.062854 0.063056 0.063257 0.063459 0.063661 0.063863 0.064064 0.064266 0.064467 0.064668 0.064870 0.065071 0.065272 0.065473 0.065674 0.065875 0.066076 0.066276 0.066477 0.066326 0.066125 0.065925 0.065724 0.065523 0.065322 0.065121 0.064919 0.064718 0.064517 0.064315 0.064114 0.063913 0.063711 0.063509 0.063307 0.063106 0.062904 0.062702 0.062500 0.062298 0.062096 0.061893 0.061691 0.061489 0.061286 0.061084 0.060881 0.060678 0.060476 0.060273 0.060257 0.060460 0.060662 0.060865 0.061068 0.061270 0.061473 0.061675 0.061877 0.062079 0.062282 0.062484 0.062686 0.062888 0.063090 0.063291 0.063493 0.063695 0.063896 0.064098 0.064299 0.064501 0.064702 0.064903 0.065105 0.065306 0.065507 0.065708 0.065909 0.066109 0.066310 0.060172 0.060375 0.060578 0.060781 0.060983 0.061186 0.061388 0.061591 0.061793 0.061995 0.062198 0.062400 0.062602 0.062804 0.063006 0.063207 

0.063163 0.062961 0.062760 0.062558 0.062357 0.062155 0.061954 0.061752 0.061550 0.061348 0.061146 0.060944 0.060742 0.060540 0.060338 0.060136 0.060052 0.060254 0.060456 0.060658 0.060860 0.061062 0.061264 0.061466 0.061668 0.061870 0.062071 0.062273 0.062475 0.062676 0.062877 0.063079 0.063280 0.063481 0.063682 0.063883 0.064084 0.064285 0.064486 0.064687 0.064888 0.065088 0.065289 0.065489 0.065690 0.065890 0.066090 0.066290 0.066140 0.065940 0.065739 0.065539 0.065338 0.065138 0.064937 0.064737 0.064536 0.064335 0.064134 0.063933 0.063732 0.063531 0.063330 0.063129 0.062927 0.062726 0.062525 0.062323 0.062121 0.061920 0.061718 0.061516 0.061314 0.061113 0.060911 0.060708 0.060506 0.060304 0.060102 0.060086 0.060288 0.060490 0.060692 0.060894 0.061096 0.061298 0.061500 0.061702 0.061904 0.062105 0.062307 0.062509 0.062710 0.062911 0.063113 0.063314 0.063515 0.063716 0.063917 0.064118 0.064319 0.064520 0.064721 0.064921 0.065122 0.065322 0.065523 0.065723 0.065924 0.066124 0.060002 0.060204 0.060406 0.060608 0.060810 0.061012 0.061214 0.061416 0.061618 0.061820 0.062022 0.062223 0.062425 0.062626 0.062828 0.063029 

0.062945 0.062744 0.062543 0.062342 0.062141 0.061940 0.061739 0.061538 0.061337 0.061136 0.060935 0.060733 0.060532 0.060330 0.060129 0.059927 0.059843 0.060045 0.060247 0.060448 0.060650 0.060851 0.061052 0.061254 0.061455 0.061656 0.061857 0.062058 0.062259 0.062460 0.062660 0.062861 0.063062 0.063262 0.063463 0.063663 0.063864 0.064064 0.064264 0.064464 0.064664 0.064864 0.065064 0.065264 0.065464 0.065664 0.065863 0.066063 0.065913 0.065713 0.065513 0.065314 0.065114 0.064914 0.064714 0.064514 0.064314 0.064113 0.063913 0.063713 0.063512 0.063312 0.063111 0.062911 0.062710 0.062509 0.062309 0.062108 0.061907 0.061706 0.061505 0.061303 0.061102 0.060901 0.060699 0.060498 0.060297 0.060095 0.059893 0.059877 0.060079 0.060280 0.060482 0.060683 0.060885 0.061086 0.061287 0.061489 0.061690 0.061891 0.062092 0.062293 0.062493 0.062694 0.062895 0.063095 0.063296 0.063496 0.063697 0.063897 0.064098 0.064298 0.064498 0.064698 0.064898 0.065098 0.065298 0.065498 0.065697 0.065897 0.059793 0.059995 0.060197 0.060398 0.060600 0.060801 0.061002 0.061204 0.061405 0.061606 0.061807 0.062008 0.062209 0.062410 0.062611 0.062811 

0.062688 0.062488 0.062288 0.062088 0.061888 0.061687 0.061487 0.061287 0.061086 0.060886 0.060685 0.060485 0.060284 0.060083 0.059882 0.059682 0.059598 0.059799 0.060000 0.060201 0.060401 0.060602 0.060803 0.061003 0.061203 0.061404 0.061604 0.061804 0.062005 0.062205 0.062405 0.062605 0.062805 0.063004 0.063204 0.063404 0.063604 0.063803 0.064003 0.064202 0.064401 0.064601 0.064800 0.064999 0.065198 0.065397 0.065596 0.065795 0.065646 0.065447 0.065248 0.065049 0.064849 0.064650 0.064451 0.064252 0.064052 0.063853 0.063653 0.063453 0.063254 0.063054 0.062854 0.062654 0.062454 0.062254 0.062054 0.061854 0.061654 0.061454 0.061253 0.061053 0.060852 0.060652 0.060451 0.060250 0.060050 0.059849 0.059648 0.059632 0.059833 0.060034 0.060234 0.060435 0.060636 0.060836 0.061037 0.061237 0.061438 0.061638 0.061838 0.062038 0.062238 0.062438 0.062638 0.062838 0.063038 0.063238 0.063438 0.063637 0.063837 0.064036 0.064236 0.064435 0.064634 0.064834 0.065033 0.065232 0.065431 0.065630 0.059548 0.059749 0.059950 0.060151 0.060352 0.060552 0.060753 0.060953 0.061154 0.061354 0.061555 0.061755 0.061955 0.062155 0.062355 0.062555 

0.062393 0.062194 0.061995 0.061796 0.061596 0.061397 0.061197 0.060998 0.060798 0.060599 0.060399 0.060199 0.059999 0.059799 0.059599 0.059399 0.059316 0.059516 0.059716 0.059916 0.060116 0.060316 0.060516 0.060715 0.060915 0.061114 0.061314 0.061513 0.061713 0.061912 0.062111 0.062310 0.062509 0.062708 0.062907 0.063106 0.063305 0.063504 0.063702 0.063901 0.064100 0.064298 0.064496 0.064695 0.064893 0.065091 0.065289 0.065487 0.065338 0.065140 0.064942 0.064744 0.064546 0.064347 0.064149 0.063950 0.063752 0.063553 0.063354 0.063155 0.062957 0.062758 0.062559 0.062360 0.062160 0.061961 0.061762 0.061563 0.061363 0.061164 0.060964 0.060765 0.060565 0.060365 0.060166 0.059966 0.059766 0.059566 0.059366 0.059350 0.059550 0.059750 0.059950 0.060150 0.060349 0.060549 0.060749 0.060948 0.061148 0.061347 0.061547 0.061746 0.061945 0.062145 0.062344 0.062543 0.062742 0.062941 0.063140 0.063338 0.063537 0.063736 0.063934 0.064133 0.064331 0.064530 0.064728 0.064926 0.065125 0.065323 0.059267 0.059467 0.059667 0.059867 0.060067 0.060266 0.060466 0.060666 0.060865 0.061065 0.061264 0.061464 0.061663 0.061863 0.062062 0.062261 

0.062061 0.061862 0.061664 0.061466 0.061268 0.061069 0.060871 0.060672 0.060473 0.060275 0.060076 0.059877 0.059678 0.059479 0.059280 0.059081 0.058998 0.059197 0.059397 0.059596 0.059794 0.059993 0.060192 0.060391 0.060589 0.060788 0.060987 0.061185 0.061383 0.061582 0.061780 0.061978 0.062176 0.062374 0.062572 0.062770 0.062968 0.063166 0.063364 0.063561 0.063759 0.063957 0.064154 0.064351 0.064549 0.064746 0.064943 0.065140 0.064992 0.064795 0.064598 0.064400 0.064203 0.064006 0.063808 0.063610 0.063413 0.063215 0.063017 0.062819 0.062621 0.062423 0.062225 0.062027 0.061829 0.061631 0.061433 0.061234 0.061036 0.060837 0.060639 0.060440 0.060241 0.060043 0.059844 0.059645 0.059446 0.059247 0.059048 0.059032 0.059231 0.059430 0.059629 0.059828 0.060027 0.060225 0.060424 0.060623 0.060821 0.061020 0.061218 0.061417 0.061615 0.061813 0.062012 0.062210 0.062408 0.062606 0.062804 0.063001 0.063199 0.063397 0.063595 0.063792 0.063990 0.064187 0.064385 0.064582 0.064779 0.064976 0.058949 0.059148 0.059347 0.059546 0.059745 0.059944 0.060143 0.060342 0.060540 0.060739 0.060937 0.061136 0.061334 0.061533 0.061731 0.061929 

0.061691 0.061494 0.061297 0.061100 0.060902 0.060705 0.060507 0.060310 0.060112 0.059915 0.059717 0.059519 0.059321 0.059124 0.058926 0.058728 0.058645 0.058843 0.059041 0.059239 0.059437 0.059635 0.059833 0.060030 0.060228 0.060425 0.060623 0.060820 0.061018 0.061215 0.061412 0.061609 0.061806 0.062003 0.062200 0.062397 0.062594 0.062791 0.062987 0.063184 0.063381 0.063577 0.063774 0.063970 0.064166 0.064363 0.064559 0.064755 0.064607 0.064411 0.064215 0.064019 0.063822 0.063626 0.063429 0.063233 0.063036 0.062839 0.062643 0.062446 0.062249 0.062052 0.061855 0.061658 0.061461 0.061264 0.061066 0.060869 0.060672 0.060474 0.060277 0.060079 0.059882 0.059684 0.059486 0.059288 0.059090 0.058892 0.058694 0.058679 0.058877 0.059075 0.059272 0.059470 0.059668 0.059866 0.060063 0.060261 0.060459 0.060656 0.060853 0.061051 0.061248 0.061445 0.061642 0.061839 0.062036 0.062233 0.062430 0.062627 0.062824 0.063020 0.063217 0.063414 0.063610 0.063807 0.064003 0.064199 0.064395 0.064592 0.058596 0.058794 0.058992 0.059190 0.059388 0.059586 0.059784 0.059981 0.060179 0.060376 0.060574 0.060771 0.060969 0.061166 0.061363 0.061560 

0.061285 0.061089 0.060893 0.060697 0.060501 0.060305 0.060109 0.059912 0.059716 0.059519 0.059323 0.059126 0.058930 0.058733 0.058536 0.058339 0.058257 0.058454 0.058651 0.058848 0.059044 0.059241 0.059438 0.059634 0.059831 0.060027 0.060223 0.060420 0.060616 0.060812 0.061008 0.061204 0.061400 0.061596 0.061791 0.061987 0.062183 0.062379 0.062574 0.062770 0.062965 0.063160 0.063356 0.063551 0.063746 0.063941 0.064136 0.064331 0.064185 0.063990 0.063794 0.063599 0.063404 0.063209 0.063013 0.062818 0.062623 0.062427 0.062231 0.062036 0.061840 0.061644 0.061448 0.061252 0.061056 0.060860 0.060664 0.060468 0.060272 0.060076 0.059879 0.059683 0.059486 0.059290 0.059093 0.058897 0.058700 0.058503 0.058306 0.058290 0.058487 0.058684 0.058881 0.059078 0.059274 0.059471 0.059667 0.059864 0.060060 0.060256 0.060453 0.060649 0.060845 0.061041 0.061237 0.061433 0.061629 0.061824 0.062020 0.062216 0.062411 0.062607 0.062802 0.062998 0.063193 0.063388 0.063584 0.063779 0.063974 0.064169 0.058209 0.058405 0.058602 0.058799 0.058996 0.059192 0.059389 0.059585 0.059782 0.059978 0.060175 0.060371 0.060567 0.060763 0.060959 0.061155 

0.060844 0.060649 0.060455 0.060260 0.060065 0.059870 0.059675 0.059480 0.059285 0.059089 0.058894 0.058699 0.058503 0.058308 0.058112 0.057917 0.057835 0.058031 0.058227 0.058422 0.058618 0.058813 0.059008 0.059203 0.059399 0.059594 0.059789 0.059984 0.060179 0.060373 0.060568 0.060763 0.060958 0.061152 0.061347 0.061541 0.061736 0.061930 0.062124 0.062319 0.062513 0.062707 0.062901 0.063095 0.063289 0.063483 0.063677 0.063870 0.063725 0.063531 0.063337 0.063143 0.062949 0.062755 0.062561 0.062367 0.062173 0.061978 0.061784 0.061590 0.061395 0.061201 0.061006 0.060811 0.060617 0.060422 0.060227 0.060032 0.059837 0.059642 0.059447 0.059252 0.059057 0.058861 0.058666 0.058471 0.058275 0.058080 0.057884 0.057868 0.058064 0.058259 0.058455 0.058650 0.058846 0.059041 0.059236 0.059431 0.059626 0.059821 0.060016 0.060211 0.060406 0.060601 0.060796 0.060990 0.061185 0.061380 0.061574 0.061768 0.061963 0.062157 0.062351 0.062546 0.062740 0.062934 0.063128 0.063322 0.063516 0.063709 0.057787 0.057983 0.058178 0.058374 0.058569 0.058764 0.058960 0.059155 0.059350 0.059545 0.059740 0.059935 0.060130 0.060325 0.060520 0.060715 

0.060368 0.060174 0.059981 0.059788 0.059594 0.059400 0.059207 0.059013 0.058819 0.058625 0.058432 0.058238 0.058044 0.057850 0.057655 0.057461 0.057380 0.057575 0.057769 0.057963 0.058157 0.058351 0.058545 0.058739 0.058932 0.059126 0.059320 0.059514 0.059707 0.059901 0.060094 0.060287 0.060481 0.060674 0.060867 0.061060 0.061253 0.061446 0.061639 0.061832 0.062025 0.062218 0.062411 0.062603 0.062796 0.062989 0.063181 0.063373 0.063229 0.063036 0.062844 0.062651 0.062458 0.062266 0.062073 0.061880 0.061687 0.061494 0.061301 0.061108 0.060915 0.060722 0.060529 0.060335 0.060142 0.059949 0.059755 0.059562 0.059368 0.059174 0.058980 0.058787 0.058593 0.058399 0.058205 0.058011 0.057817 0.057623 0.057429 0.057413 0.057607 0.057801 0.057996 0.058190 0.058384 0.058577 0.058771 0.058965 0.059159 0.059352 0.059546 0.059740 0.059933 0.060127 0.060320 0.060513 0.060707 0.060900 0.061093 0.061286 0.061479 0.061672 0.061865 0.062058 0.062250 0.062443 0.062636 0.062828 0.063021 0.063213 0.057332 0.057526 0.057721 0.057915 0.058109 0.058303 0.058497 0.058691 0.058884 0.059078 0.059272 0.059466 0.059659 0.059853 0.060046 0.060240 

0.059858 0.059666 0.059474 0.059282 0.059090 0.058898 0.058705 0.058513 0.058321 0.058129 0.057936 0.057744 0.057551 0.057358 0.057166 0.056973 0.056893 0.057086 0.057278 0.057471 0.057664 0.057856 0.058049 0.058241 0.058433 0.058626 0.058818 0.059010 0.059202 0.059394 0.059586 0.059778 0.059970 0.060162 0.060353 0.060545 0.060737 0.060928 0.061120 0.061311 0.061503 0.061694 0.061885 0.062077 0.062268 0.062459 0.062650 0.062841 0.062697 0.062506 0.062315 0.062124 0.061933 0.061741 0.061550 0.061359 0.061167 0.060976 0.060784 0.060593 0.060401 0.060209 0.060017 0.059826 0.059634 0.059442 0.059250 0.059058 0.058865 0.058673 0.058481 0.058289 0.058096 0.057904 0.057711 0.057519 0.057326 0.057133 0.056941 0.056925 0.057118 0.057311 0.057503 0.057696 0.057888 0.058081 0.058273 0.058466 0.058658 0.058850 0.059042 0.059234 0.059426 0.059618 0.059810 0.060002 0.060194 0.060386 0.060577 0.060769 0.060961 0.061152 0.061344 0.061535 0.061726 0.061918 0.062109 0.062300 0.062491 0.062682 0.056845 0.057038 0.057231 0.057423 0.057616 0.057808 0.058001 0.058193 0.058386 0.058578 0.058770 0.058962 0.059154 0.059346 0.059538 0.059730 

0.059315 0.059124 0.058934 0.058744 0.058553 0.058362 0.058172 0.057981 0.057790 0.057600 0.057409 0.057218 0.057027 0.056836 0.056645 0.056453 0.056374 0.056565 0.056756 0.056947 0.057138 0.057329 0.057520 0.057711 0.057902 0.058092 0.058283 0.058474 0.058664 0.058855 0.059045 0.059236 0.059426 0.059616 0.059806 0.059997 0.060187 0.060377 0.060567 0.060757 0.060946 0.061136 0.061326 0.061516 0.061705 0.061895 0.062085 0.062274 0.062131 0.061942 0.061752 0.061563 0.061373 0.061183 0.060993 0.060804 0.060614 0.060424 0.060234 0.060044 0.059854 0.059663 0.059473 0.059283 0.059092 0.058902 0.058711 0.058521 0.058330 0.058140 0.057949 0.057758 0.057567 0.057377 0.057186 0.056995 0.056804 0.056613 0.056421 0.056406 0.056597 0.056788 0.056979 0.057170 0.057361 0.057552 0.057743 0.057934 0.058125 0.058315 0.058506 0.058696 0.058887 0.059077 0.059268 0.059458 0.059648 0.059838 0.060029 0.060219 0.060409 0.060599 0.060789 0.060978 0.061168 0.061358 0.061548 0.061737 0.061927 0.062116 0.056327 0.056518 0.056709 0.056900 0.057091 0.057282 0.057473 0.057664 0.057854 0.058045 0.058236 0.058427 0.058617 0.058808 0.058998 0.059188 

0.058740 0.058551 0.058362 0.058173 0.057985 0.057796 0.057607 0.057418 0.057228 0.057039 0.056850 0.056661 0.056472 0.056282 0.056093 0.055903 0.055824 0.056014 0.056203 0.056393 0.056582 0.056771 0.056961 0.057150 0.057339 0.057528 0.057717 0.057906 0.058095 0.058284 0.058472 0.058661 0.058850 0.059039 0.059227 0.059416 0.059604 0.059792 0.059981 0.060169 0.060357 0.060546 0.060734 0.060922 0.061110 0.061298 0.061486 0.061674 0.061532 0.061344 0.061156 0.060968 0.060780 0.060592 0.060404 0.060216 0.060028 0.059839 0.059651 0.059462 0.059274 0.059085 0.058897 0.058708 0.058519 0.058330 0.058142 0.057953 0.057764 0.057575 0.057386 0.057197 0.057008 0.056818 0.056629 0.056440 0.056250 0.056061 0.055871 0.055856 0.056046 0.056235 0.056425 0.056614 0.056803 0.056992 0.057182 0.057371 0.057560 0.057749 0.057938 0.058127 0.058315 0.058504 0.058693 0.058882 0.059070 0.059259 0.059447 0.059636 0.059824 0.060013 0.060201 0.060389 0.060577 0.060765 0.060953 0.061141 0.061329 0.061517 0.055778 0.055967 0.056156 0.056346 0.056535 0.056725 0.056914 0.057103 0.057292 0.057481 0.057670 0.057859 0.058048 0.058237 0.058426 0.058614 

0.058134 0.057947 0.057760 0.057573 0.057385 0.057198 0.057011 0.056824 0.056636 0.056449 0.056262 0.056074 0.055886 0.055699 0.055511 0.055323 0.055245 0.055433 0.055621 0.055808 0.055996 0.056184 0.056371 0.056558 0.056746 0.056933 0.057120 0.057308 0.057495 0.057682 0.057869 0.058056 0.058243 0.058430 0.058617 0.058803 0.058990 0.059177 0.059363 0.059550 0.059737 0.059923 0.060109 0.060296 0.060482 0.060668 0.060855 0.061041 0.060901 0.060715 0.060528 0.060342 0.060156 0.059969 0.059783 0.059596 0.059410 0.059223 0.059036 0.058850 0.058663 0.058476 0.058289 0.058102 0.057915 0.057728 0.057541 0.057354 0.057167 0.056980 0.056792 0.056605 0.056417 0.056230 0.056043 0.055855 0.055667 0.055480 0.055292 0.055277 0.055465 0.055652 0.055840 0.056028 0.056215 0.056403 0.056590 0.056777 0.056965 0.057152 0.057339 0.057526 0.057713 0.057900 0.058087 0.058274 0.058461 0.058648 0.058835 0.059022 0.059208 0.059395 0.059581 0.059768 0.059954 0.060141 0.060327 0.060513 0.060700 0.060886 0.055199 0.055387 0.055574 0.055762 0.055950 0.056137 0.056325 0.056512 0.056699 0.056887 0.057074 0.057261 0.057448 0.057636 0.057823 0.058010 

0.057498 0.057313 0.057127 0.056942 0.056757 0.056572 0.056386 0.056201 0.056015 0.055830 0.055644 0.055458 0.055273 0.055087 0.054901 0.054715 0.054638 0.054824 0.055010 0.055195 0.055381 0.055567 0.055752 0.055938 0.056123 0.056309 0.056494 0.056680 0.056865 0.057050 0.057236 0.057421 0.057606 0.057791 0.057976 0.058161 0.058346 0.058531 0.058716 0.058900 0.059085 0.059270 0.059454 0.059639 0.059824 0.060008 0.060192 0.060377 0.060238 0.060054 0.059869 0.059685 0.059500 0.059316 0.059131 0.058946 0.058761 0.058577 0.058392 0.058207 0.058022 0.057837 0.057652 0.057467 0.057281 0.057096 0.056911 0.056726 0.056540 0.056355 0.056169 0.055984 0.055798 0.055613 0.055427 0.055241 0.055056 0.054870 0.054684 0.054669 0.054855 0.055041 0.055227 0.055412 0.055598 0.055784 0.055969 0.056155 0.056340 0.056526 0.056711 0.056896 0.057082 0.057267 0.057452 0.057637 0.057822 0.058007 0.058192 0.058377 0.058562 0.058747 0.058931 0.059116 0.059301 0.059485 0.059670 0.059855 0.060039 0.060223 0.054592 0.054778 0.054963 0.055149 0.055335 0.055521 0.055706 0.055892 0.056078 0.056263 0.056448 0.056634 0.056819 0.057004 0.057190 0.057375 

0.056833 0.056650 0.056467 0.056283 0.056100 0.055916 0.055733 0.055549 0.055366 0.055182 0.054998 0.054815 0.054631 0.054447 0.054263 0.054079 0.054003 0.054187 0.054371 0.054554 0.054738 0.054922 0.055106 0.055289 0.055473 0.055657 0.055840 0.056024 0.056207 0.056390 0.056574 0.056757 0.056940 0.057123 0.057306 0.057490 0.057673 0.057856 0.058038 0.058221 0.058404 0.058587 0.058770 0.058952 0.059135 0.059318 0.059500 0.059683 0.059545 0.059363 0.059180 0.058998 0.058815 0.058632 0.058449 0.058267 0.058084 0.057901 0.057718 0.057535 0.057352 0.057169 0.056986 0.056802 0.056619 0.056436 0.056252 0.056069 0.055886 0.055702 0.055518 0.055335 0.055151 0.054968 0.054784 0.054600 0.054416 0.054232 0.054048 0.054034 0.054218 0.054402 0.054585 0.054769 0.054953 0.055137 0.055320 0.055504 0.055687 0.055871 0.056054 0.056238 0.056421 0.056604 0.056788 0.056971 0.057154 0.057337 0.057520 0.057703 0.057886 0.058069 0.058252 0.058435 0.058618 0.058800 0.058983 0.059166 0.059348 0.059531 0.053957 0.054141 0.054325 0.054509 0.054693 0.054877 0.055060 0.055244 0.055428 0.055611 0.055795 0.055978 0.056162 0.056345 0.056528 0.056711 

0.056141 0.055960 0.055778 0.055597 0.055416 0.055234 0.055053 0.054871 0.054689 0.054508 0.054326 0.054144 0.053963 0.053781 0.053599 0.053417 0.053341 0.053523 0.053705 0.053887 0.054069 0.054251 0.054432 0.054614 0.054796 0.054977 0.055159 0.055340 0.055521 0.055703 0.055884 0.056065 0.056247 0.056428 0.056609 0.056790 0.056971 0.057152 0.057333 0.057514 0.057695 0.057876 0.058056 0.058237 0.058418 0.058599 0.058779 0.058960 0.058824 0.058643 0.058463 0.058282 0.058101 0.057921 0.057740 0.057559 0.057378 0.057197 0.057016 0.056835 0.056654 0.056473 0.056292 0.056110 0.055929 0.055748 0.055566 0.055385 0.055204 0.055022 0.054841 0.054659 0.054477 0.054296 0.054114 0.053932 0.053750 0.053568 0.053386 0.053372 0.053554 0.053736 0.053918 0.054099 0.054281 0.054463 0.054644 0.054826 0.055008 0.055189 0.055371 0.055552 0.055733 0.055915 0.056096 0.056277 0.056458 0.056639 0.056821 0.057002 0.057183 0.057364 0.057544 0.057725 0.057906 0.058087 0.058268 0.058448 0.058629 0.058809 0.053296 0.053478 0.053660 0.053842 0.054024 0.054206 0.054387 0.054569 0.054751 0.054932 0.055114 0.055295 0.055477 0.055658 0.055839 0.056021 

0.055422 0.055243 0.055064 0.054884 0.054705 0.054526 0.054346 0.054167 0.053987 0.053808 0.053628 0.053449 0.053269 0.053089 0.052909 0.052730 0.052655 0.052835 0.053014 0.053194 0.053374 0.053554 0.053733 0.053913 0.054092 0.054272 0.054451 0.054631 0.054810 0.054989 0.055168 0.055348 0.055527 0.055706 0.055885 0.056064 0.056243 0.056422 0.056601 0.056780 0.056959 0.057137 0.057316 0.057495 0.057673 0.057852 0.058031 0.058209 0.058075 0.057896 0.057718 0.057539 0.057360 0.057182 0.057003 0.056824 0.056645 0.056466 0.056287 0.056108 0.055929 0.055750 0.055571 0.055392 0.055213 0.055034 0.054854 0.054675 0.054496 0.054316 0.054137 0.053957 0.053778 0.053598 0.053418 0.053239 0.053059 0.052879 0.052699 0.052685 0.052865 0.053045 0.053224 0.053404 0.053584 0.053763 0.053943 0.054122 0.054302 0.054481 0.054661 0.054840 0.055019 0.055199 0.055378 0.055557 0.055736 0.055915 0.056094 0.056273 0.056452 0.056631 0.056810 0.056989 0.057167 0.057346 0.057525 0.057703 0.057882 0.058061 0.052610 0.052790 0.052970 0.053150 0.053329 0.053509 0.053689 0.053868 0.054048 0.054227 0.054407 0.054586 0.054765 0.054945 0.055124 0.055303 

0.054678 0.054501 0.054324 0.054147 0.053970 0.053793 0.053615 0.053438 0.053261 0.053083 0.052906 0.052728 0.052551 0.052373 0.052196 0.052018 0.051944 0.052122 0.052300 0.052477 0.052655 0.052832 0.053010 0.053187 0.053364 0.053542 0.053719 0.053896 0.054073 0.054250 0.054428 0.054605 0.054782 0.054959 0.055136 0.055312 0.055489 0.055666 0.055843 0.056020 0.056196 0.056373 0.056550 0.056726 0.056903 0.057079 0.057256 0.057432 0.057299 0.057123 0.056946 0.056770 0.056593 0.056417 0.056240 0.056063 0.055887 0.055710 0.055533 0.055356 0.055179 0.055003 0.054826 0.054649 0.054471 0.054294 0.054117 0.053940 0.053763 0.053586 0.053408 0.053231 0.053054 0.052876 0.052699 0.052521 0.052344 0.052166 0.051988 0.051974 0.052152 0.052329 0.052507 0.052685 0.052862 0.053039 0.053217 0.053394 0.053571 0.053749 0.053926 0.054103 0.054280 0.054457 0.054634 0.054811 0.054988 0.055165 0.055342 0.055519 0.055696 0.055873 0.056049 0.056226 0.056403 0.056579 0.056756 0.056932 0.057109 0.057285 0.051900 0.052078 0.052256 0.052433 0.052611 0.052788 0.052966 0.053143 0.053320 0.053498 0.053675 0.053852 0.054029 0.054207 0.054384 0.054561 

0.053911 0.053736 0.053561 0.053386 0.053211 0.053036 0.052861 0.052686 0.052511 0.052336 0.052160 0.051985 0.051810 0.051635 0.051459 0.051284 0.051211 0.051386 0.051562 0.051737 0.051912 0.052088 0.052263 0.052438 0.052613 0.052788 0.052963 0.053138 0.053313 0.053488 0.053663 0.053838 0.054013 0.054187 0.054362 0.054537 0.054711 0.054886 0.055061 0.055235 0.055410 0.055584 0.055759 0.055933 0.056107 0.056282 0.056456 0.056630 0.056499 0.056325 0.056150 0.055976 0.055802 0.055627 0.055453 0.055278 0.055104 0.054929 0.054755 0.054580 0.054405 0.054231 0.054056 0.053881 0.053706 0.053531 0.053357 0.053182 0.053007 0.052832 0.052656 0.052481 0.052306 0.052131 0.051956 0.051781 0.051605 0.051430 0.051254 0.051241 0.051416 0.051591 0.051767 0.051942 0.052117 0.052292 0.052467 0.052643 0.052818 0.052993 0.053168 0.053343 0.053517 0.053692 0.053867 0.054042 0.054217 0.054391 0.054566 0.054741 0.054915 0.055090 0.055265 0.055439 0.055613 0.055788 0.055962 0.056137 0.056311 0.056485 0.051168 0.051343 0.051518 0.051694 0.051869 0.052044 0.052219 0.052395 0.052570 0.052745 0.052920 0.053095 0.053270 0.053445 0.053620 0.053794 

0.053120 0.052948 0.052775 0.052602 0.052430 0.052257 0.052084 0.051912 0.051739 0.051566 0.051393 0.051220 0.051047 0.050874 0.050701 0.050528 0.050456 0.050629 0.050802 0.050975 0.051148 0.051321 0.051494 0.051667 0.051840 0.052013 0.052185 0.052358 0.052531 0.052703 0.052876 0.053048 0.053221 0.053393 0.053566 0.053738 0.053911 0.054083 0.054255 0.054428 0.054600 0.054772 0.054944 0.055116 0.055288 0.055460 0.055632 0.055804 0.055675 0.055503 0.055331 0.055159 0.054987 0.054815 0.054642 0.054470 0.054298 0.054126 0.053953 0.053781 0.053609 0.053436 0.053264 0.053091 0.052919 0.052746 0.052573 0.052401 0.052228 0.052055 0.051883 0.051710 0.051537 0.051364 0.051191 0.051018 0.050845 0.050672 0.050499 0.050485 0.050658 0.050831 0.051004 0.051177 0.051350 0.051523 0.051696 0.051869 0.052042 0.052214 0.052387 0.052560 0.052732 0.052905 0.053077 0.053250 0.053422 0.053595 0.053767 0.053940 0.054112 0.054284 0.054456 0.054629 0.054801 0.054973 0.055145 0.055317 0.055489 0.055661 0.050413 0.050586 0.050759 0.050932 0.051105 0.051278 0.051451 0.051624 0.051797 0.051970 0.052142 0.052315 0.052488 0.052660 0.052833 0.053006 

0.052308 0.052138 0.051968 0.051798 0.051628 0.051457 0.051287 0.051116 0.050946 0.050776 0.050605 0.050435 0.050264 0.050093 0.049923 0.049752 0.049681 0.049852 0.050022 0.050193 0.050364 0.050534 0.050705 0.050875 0.051046 0.051216 0.051386 0.051557 0.051727 0.051897 0.052068 0.052238 0.052408 0.052578 0.052748 0.052918 0.053088 0.053258 0.053428 0.053598 0.053768 0.053938 0.054108 0.054277 0.054447 0.054617 0.054787 0.054956 0.054829 0.054659 0.054489 0.054320 0.054150 0.053980 0.053810 0.053640 0.053470 0.053300 0.053130 0.052960 0.052790 0.052620 0.052450 0.052280 0.052110 0.051939 0.051769 0.051599 0.051429 0.051258 0.051088 0.050917 0.050747 0.050576 0.050406 0.050235 0.050065 0.049894 0.049723 0.049710 0.049880 0.050051 0.050222 0.050392 0.050563 0.050733 0.050904 0.051074 0.051245 0.051415 0.051585 0.051756 0.051926 0.052096 0.052266 0.052436 0.052607 0.052777 0.052947 0.053117 0.053287 0.053457 0.053627 0.053797 0.053966 0.054136 0.054306 0.054476 0.054645 0.054815 0.049639 0.049809 0.049980 0.050151 0.050321 0.050492 0.050662 0.050833 0.051003 0.051174 0.051344 0.051514 0.051685 0.051855 0.052025 0.052196 

0.051477 0.051309 0.051141 0.050973 0.050806 0.050638 0.050470 0.050302 0.050134 0.049966 0.049798 0.049630 0.049462 0.049293 0.049125 0.048957 0.048887 0.049055 0.049223 0.049392 0.049560 0.049728 0.049896 0.050064 0.050232 0.050400 0.050568 0.050736 0.050904 0.051071 0.051239 0.051407 0.051575 0.051743 0.051910 0.052078 0.052246 0.052413 0.052581 0.052748 0.052916 0.053083 0.053251 0.053418 0.053585 0.053753 0.053920 0.054087 0.053962 0.053794 0.053627 0.053460 0.053292 0.053125 0.052957 0.052790 0.052622 0.052455 0.052287 0.052119 0.051952 0.051784 0.051616 0.051449 0.051281 0.051113 0.050945 0.050777 0.050609 0.050442 0.050274 0.050106 0.049938 0.049769 0.049601 0.049433 0.049265 0.049097 0.048929 0.048915 0.049084 0.049252 0.049420 0.049588 0.049756 0.049924 0.050092 0.050260 0.050428 0.050596 0.050764 0.050932 0.051100 0.051268 0.051435 0.051603 0.051771 0.051938 0.052106 0.052274 0.052441 0.052609 0.052776 0.052944 0.053111 0.053279 0.053446 0.053614 0.053781 0.053948 0.048845 0.049014 0.049182 0.049350 0.049518 0.049686 0.049854 0.050022 0.050190 0.050358 0.050526 0.050694 0.050862 0.051030 0.051198 0.051366 

0.050627 0.050461 0.050296 0.050131 0.049965 0.049800 0.049634 0.049469 0.049303 0.049138 0.048972 0.048807 0.048641 0.048476 0.048310 0.048144 0.048075 0.048241 0.048407 0.048572 0.048738 0.048904 0.049069 0.049235 0.049400 0.049566 0.049731 0.049897 0.050062 0.050227 0.050393 0.050558 0.050723 0.050888 0.051054 0.051219 0.051384 0.051549 0.051714 0.051879 0.052044 0.052209 0.052374 0.052539 0.052704 0.052869 0.053034 0.053199 0.053075 0.052910 0.052745 0.052580 0.052415 0.052250 0.052085 0.051920 0.051755 0.051590 0.051425 0.051260 0.051095 0.050929 0.050764 0.050599 0.050434 0.050268 0.050103 0.049937 0.049772 0.049607 0.049441 0.049276 0.049110 0.048945 0.048779 0.048613 0.048448 0.048282 0.048116 0.048103 0.048269 0.048435 0.048600 0.048766 0.048931 0.049097 0.049262 0.049428 0.049593 0.049759 0.049924 0.050090 0.050255 0.050420 0.050586 0.050751 0.050916 0.051081 0.051247 0.051412 0.051577 0.051742 0.051907 0.052072 0.052237 0.052402 0.052567 0.052732 0.052897 0.053062 0.048034 0.048200 0.048366 0.048531 0.048697 0.048863 0.049028 0.049194 0.049359 0.049525 0.049690 0.049856 0.050021 0.050186 0.050352 0.050517 

0.049759 0.049596 0.049434 0.049271 0.049108 0.048945 0.048782 0.048619 0.048456 0.048293 0.048130 0.047967 0.047804 0.047641 0.047478 0.047315 0.047247 0.047410 0.047573 0.047736 0.047900 0.048063 0.048226 0.048389 0.048552 0.048714 0.048877 0.049040 0.049203 0.049366 0.049529 0.049692 0.049854 0.050017 0.050180 0.050342 0.050505 0.050668 0.050830 0.050993 0.051155 0.051318 0.051480 0.051643 0.051805 0.051968 0.052130 0.052292 0.052170 0.052008 0.051845 0.051683 0.051521 0.051358 0.051196 0.051033 0.050870 0.050708 0.050545 0.050383 0.050220 0.050057 0.049895 0.049732 0.049569 0.049406 0.049243 0.049081 0.048918 0.048755 0.048592 0.048429 0.048266 0.048103 0.047940 0.047777 0.047614 0.047451 0.047288 0.047275 0.047438 0.047601 0.047764 0.047927 0.048090 0.048253 0.048416 0.048579 0.048742 0.048905 0.049068 0.049231 0.049393 0.049556 0.049719 0.049882 0.050044 0.050207 0.050370 0.050532 0.050695 0.050858 0.051020 0.051183 0.051345 0.051508 0.051670 0.051832 0.051995 0.052157 0.047207 0.047370 0.047533 0.047696 0.047859 0.048022 0.048185 0.048348 0.048511 0.048674 0.048837 0.049000 0.049163 0.049326 0.049488 0.049651 

0.048876 0.048716 0.048556 0.048395 0.048235 0.048075 0.047914 0.047754 0.047594 0.047433 0.047273 0.047113 0.046952 0.046792 0.046631 0.046471 0.046404 0.046564 0.046725 0.046885 0.047046 0.047206 0.047367 0.047527 0.047687 0.047848 0.048008 0.048168 0.048329 0.048489 0.048649 0.048809 0.048969 0.049130 0.049290 0.049450 0.049610 0.049770 0.049930 0.050090 0.050250 0.050410 0.050570 0.050730 0.050890 0.051049 0.051209 0.051369 0.051249 0.051089 0.050929 0.050769 0.050609 0.050449 0.050290 0.050130 0.049970 0.049810 0.049650 0.049489 0.049329 0.049169 0.049009 0.048849 0.048689 0.048529 0.048368 0.048208 0.048048 0.047888 0.047727 0.047567 0.047406 0.047246 0.047086 0.046925 0.046765 0.046604 0.046444 0.046431 0.046591 0.046752 0.046912 0.047073 0.047233 0.047394 0.047554 0.047714 0.047875 0.048035 0.048195 0.048356 0.048516 0.048676 0.048836 0.048996 0.049157 0.049317 0.049477 0.049637 0.049797 0.049957 0.050117 0.050277 0.050437 0.050597 0.050757 0.050916 0.051076 0.051236 0.046364 0.046525 0.046685 0.046846 0.047006 0.047167 0.047327 0.047487 0.047648 0.047808 0.047968 0.048129 0.048289 0.048449 0.048609 0.048770 

0.047978 0.047821 0.047663 0.047505 0.047348 0.047190 0.047033 0.046875 0.046717 0.046559 0.046402 0.046244 0.046086 0.045928 0.045771 0.045613 0.045547 0.045705 0.045863 0.046021 0.046178 0.046336 0.046494 0.046652 0.046809 0.046967 0.047125 0.047282 0.047440 0.047597 0.047755 0.047913 0.048070 0.048228 0.048385 0.048543 0.048700 0.048857 0.049015 0.049172 0.049330 0.049487 0.049644 0.049802 0.049959 0.050116 0.050273 0.050431 0.050312 0.050155 0.049998 0.049841 0.049683 0.049526 0.049369 0.049211 0.049054 0.048896 0.048739 0.048582 0.048424 0.048267 0.048109 0.047952 0.047794 0.047637 0.047479 0.047321 0.047164 0.047006 0.046848 0.046691 0.046533 0.046375 0.046217 0.046060 0.045902 0.045744 0.045586 0.045574 0.045731 0.045889 0.046047 0.046205 0.046363 0.046520 0.046678 0.046836 0.046993 0.047151 0.047309 0.047466 0.047624 0.047782 0.047939 0.048097 0.048254 0.048412 0.048569 0.048727 0.048884 0.049041 0.049199 0.049356 0.049513 0.049671 0.049828 0.049985 0.050143 0.050300 0.045508 0.045666 0.045824 0.045981 0.046139 0.046297 0.046455 0.046613 0.046770 0.046928 0.047086 0.047243 0.047401 0.047558 0.047716 0.047874 

0.047067 0.046912 0.046758 0.046603 0.046448 0.046293 0.046138 0.045983 0.045828 0.045673 0.045518 0.045363 0.045208 0.045053 0.044897 0.044742 0.044678 0.044833 0.044988 0.045143 0.045298 0.045453 0.045608 0.045763 0.045918 0.046073 0.046228 0.046383 0.046538 0.046693 0.046848 0.047003 0.047158 0.047313 0.047467 0.047622 0.047777 0.047932 0.048086 0.048241 0.048396 0.048551 0.048705 0.048860 0.049015 0.049169 0.049324 0.049478 0.049362 0.049207 0.049053 0.048898 0.048744 0.048589 0.048434 0.048280 0.048125 0.047970 0.047815 0.047661 0.047506 0.047351 0.047196 0.047041 0.046886 0.046731 0.046577 0.046422 0.046267 0.046112 0.045957 0.045802 0.045647 0.045492 0.045337 0.045182 0.045026 0.044871 0.044716 0.044704 0.044859 0.045014 0.045169 0.045324 0.045479 0.045634 0.045789 0.045944 0.046099 0.046254 0.046409 0.046564 0.046719 0.046874 0.047029 0.047184 0.047339 0.047493 0.047648 0.047803 0.047958 0.048112 0.048267 0.048422 0.048577 0.048731 0.048886 0.049041 0.049195 0.049350 0.044639 0.044794 0.044950 0.045105 0.045260 0.045415 0.045570 0.045725 0.045880 0.046035 0.046190 0.046345 0.046500 0.046655 0.046810 0.046964 

0.046145 0.045993 0.045840 0.045688 0.045536 0.045384 0.045232 0.045079 0.044927 0.044775 0.044622 0.044470 0.044318 0.044166 0.044013 0.043861 0.043797 0.043950 0.044102 0.044254 0.044407 0.044559 0.044711 0.044864 0.045016 0.045168 0.045321 0.045473 0.045625 0.045777 0.045929 0.046081 0.046234 0.046386 0.046538 0.046690 0.046842 0.046994 0.047146 0.047298 0.047450 0.047602 0.047754 0.047906 0.048058 0.048210 0.048362 0.048514 0.048399 0.048247 0.048096 0.047944 0.047792 0.047640 0.047488 0.047336 0.047184 0.047032 0.046880 0.046728 0.046575 0.046423 0.046271 0.046119 0.045967 0.045815 0.045663 0.045510 0.045358 0.045206 0.045054 0.044901 0.044749 0.044597 0.044445 0.044292 0.044140 0.043988 0.043835 0.043823 0.043975 0.044128 0.044280 0.044432 0.044585 0.044737 0.044889 0.045042 0.045194 0.045346 0.045498 0.045651 0.045803 0.045955 0.046107 0.046259 0.046411 0.046563 0.046715 0.046868 0.047020 0.047172 0.047324 0.047476 0.047628 0.047780 0.047932 0.048083 0.048235 0.048387 0.043760 0.043912 0.044064 0.044217 0.044369 0.044521 0.044674 0.044826 0.044978 0.045131 0.045283 0.045435 0.045587 0.045739 0.045892 0.046044 

0.045212 0.045062 0.044913 0.044764 0.044614 0.044465 0.044315 0.044166 0.044016 0.043867 0.043717 0.043568 0.043418 0.043269 0.043119 0.042969 0.042907 0.043057 0.043206 0.043356 0.043506 0.043655 0.043805 0.043954 0.044104 0.044253 0.044403 0.044552 0.044701 0.044851 0.045000 0.045150 0.045299 0.045448 0.045598 0.045747 0.045896 0.046046 0.046195 0.046344 0.046494 0.046643 0.046792 0.046941 0.047091 0.047240 0.047389 0.047538 0.047426 0.047277 0.047128 0.046978 0.046829 0.046680 0.046531 0.046381 0.046232 0.046083 0.045933 0.045784 0.045635 0.045485 0.045336 0.045187 0.045037 0.044888 0.044738 0.044589 0.044440 0.044290 0.044141 0.043991 0.043842 0.043692 0.043543 0.043393 0.043243 0.043094 0.042944 0.042932 0.043082 0.043232 0.043381 0.043531 0.043680 0.043830 0.043979 0.044129 0.044278 0.044428 0.044577 0.044727 0.044876 0.045025 0.045175 0.045324 0.045474 0.045623 0.045772 0.045922 0.046071 0.046220 0.046369 0.046519 0.046668 0.046817 0.046966 0.047116 0.047265 0.047414 0.042870 0.043020 0.043169 0.043319 0.043468 0.043618 0.043768 0.043917 0.044067 0.044216 0.044366 0.044515 0.044664 0.044814 0.044963 0.045113 

0.044270 0.044123 0.043977 0.043830 0.043684 0.043537 0.043390 0.043244 0.043097 0.042950 0.042803 0.042657 0.042510 0.042363 0.042217 0.042070 0.042009 0.042155 0.042302 0.042449 0.042596 0.042742 0.042889 0.043036 0.043183 0.043329 0.043476 0.043623 0.043769 0.043916 0.044062 0.044209 0.044356 0.044502 0.044649 0.044795 0.044942 0.045088 0.045235 0.045381 0.045528 0.045674 0.045821 0.045967 0.046114 0.046260 0.046407 0.046553 0.046443 0.046297 0.046150 0.046004 0.045857 0.045711 0.045564 0.045418 0.045271 0.045125 0.044978 0.044832 0.044685 0.044538 0.044392 0.044245 0.044099 0.043952 0.043805 0.043659 0.043512 0.043366 0.043219 0.043072 0.042925 0.042779 0.042632 0.042485 0.042339 0.042192 0.042045 0.042033 0.042180 0.042327 0.042474 0.042620 0.042767 0.042914 0.043060 0.043207 0.043354 0.043501 0.043647 0.043794 0.043940 0.044087 0.044234 0.044380 0.044527 0.044673 0.044820 0.044966 0.045113 0.045260 0.045406 0.045553 0.045699 0.045846 0.045992 0.046138 0.046285 0.046431 0.041972 0.042119 0.042266 0.042413 0.042559 0.042706 0.042853 0.042999 0.043146 0.043293 0.043440 0.043586 0.043733 0.043879 0.044026 0.044173 

0.043321 0.043177 0.043033 0.042889 0.042745 0.042602 0.042458 0.042314 0.042170 0.042026 0.041882 0.041738 0.041595 0.041451 0.041307 0.041163 0.041103 0.041247 0.041391 0.041535 0.041679 0.041822 0.041966 0.042110 0.042254 0.042398 0.042542 0.042686 0.042829 0.042973 0.043117 0.043261 0.043404 0.043548 0.043692 0.043836 0.043979 0.044123 0.044267 0.044411 0.044554 0.044698 0.044842 0.044985 0.045129 0.045273 0.045416 0.045560 0.045452 0.045308 0.045165 0.045021 0.044877 0.044734 0.044590 0.044446 0.044303 0.044159 0.044015 0.043871 0.043728 0.043584 0.043440 0.043296 0.043153 0.043009 0.042865 0.042721 0.042577 0.042434 0.042290 0.042146 0.042002 0.041858 0.041714 0.041570 0.041426 0.041283 0.041139 0.041127 0.041271 0.041415 0.041559 0.041703 0.041847 0.041991 0.042134 0.042278 0.042422 0.042566 0.042710 0.042854 0.042997 0.043141 0.043285 0.043429 0.043572 0.043716 0.043860 0.044004 0.044147 0.044291 0.044435 0.044579 0.044722 0.044866 0.045010 0.045153 0.045297 0.045441 0.041067 0.041211 0.041355 0.041499 0.041643 0.041787 0.041931 0.042075 0.042218 0.042362 0.042506 0.042650 0.042794 0.042938 0.043081 0.043225 

0.042365 0.042224 0.042083 0.041942 0.041801 0.041660 0.041519 0.041378 0.041237 0.041096 0.040955 0.040814 0.040673 0.040532 0.040391 0.040250 0.040191 0.040332 0.040474 0.040615 0.040756 0.040897 0.041038 0.041179 0.041320 0.041460 0.041601 0.041742 0.041883 0.042024 0.042165 0.042306 0.042447 0.042588 0.042729 0.042870 0.043011 0.043152 0.043293 0.043433 0.043574 0.043715 0.043856 0.043997 0.044138 0.044279 0.044419 0.044560 0.044454 0.044313 0.044173 0.044032 0.043891 0.043750 0.043609 0.043468 0.043327 0.043187 0.043046 0.042905 0.042764 0.042623 0.042482 0.042341 0.042200 0.042059 0.041918 0.041777 0.041636 0.041495 0.041354 0.041213 0.041072 0.040931 0.040790 0.040649 0.040508 0.040367 0.040226 0.040215 0.040356 0.040497 0.040638 0.040779 0.040920 0.041061 0.041202 0.041343 0.041484 0.041625 0.041766 0.041907 0.042048 0.042189 0.042330 0.042471 0.042612 0.042753 0.042894 0.043034 0.043175 0.043316 0.043457 0.043598 0.043739 0.043880 0.044021 0.044161 0.044302 0.044443 0.040157 0.040298 0.040439 0.040580 0.040721 0.040862 0.041003 0.041144 0.041285 0.041426 0.041567 0.041707 0.041848 0.041989 0.042130 0.042271 

0.041404 0.041266 0.041128 0.040990 0.040852 0.040714 0.040576 0.040438 0.040300 0.040161 0.040023 0.039885 0.039747 0.039609 0.039471 0.039333 0.039275 0.039413 0.039552 0.039690 0.039828 0.039966 0.040104 0.040242 0.040380 0.040518 0.040656 0.040794 0.040933 0.041071 0.041209 0.041347 0.041485 0.041623 0.041761 0.041899 0.042037 0.042175 0.042313 0.042451 0.042589 0.042727 0.042865 0.043003 0.043141 0.043279 0.043417 0.043555 0.043451 0.043313 0.043175 0.043037 0.042899 0.042761 0.042623 0.042485 0.042347 0.042209 0.042071 0.041933 0.041795 0.041657 0.041519 0.041381 0.041243 0.041105 0.040967 0.040829 0.040691 0.040553 0.040414 0.040276 0.040138 0.040000 0.039862 0.039724 0.039586 0.039448 0.039310 0.039299 0.039437 0.039575 0.039713 0.039851 0.039989 0.040127 0.040265 0.040403 0.040542 0.040680 0.040818 0.040956 0.041094 0.041232 0.041370 0.041508 0.041646 0.041784 0.041922 0.042060 0.042198 0.042336 0.042474 0.042612 0.042750 0.042888 0.043026 0.043164 0.043302 0.043440 0.039241 0.039379 0.039517 0.039655 0.039794 0.039932 0.040070 0.040208 0.040346 0.040484 0.040622 0.040760 0.040898 0.041036 0.041174 0.041313 

0.040440 0.040305 0.040170 0.040034 0.039899 0.039764 0.039629 0.039494 0.039358 0.039223 0.039088 0.038953 0.038818 0.038682 0.038547 0.038412 0.038356 0.038491 0.038626 0.038761 0.038897 0.039032 0.039167 0.039302 0.039437 0.039573 0.039708 0.039843 0.039978 0.040113 0.040249 0.040384 0.040519 0.040654 0.040789 0.040924 0.041060 0.041195 0.041330 0.041465 0.041600 0.041735 0.041870 0.042006 0.042141 0.042276 0.042411 0.042546 0.042445 0.042309 0.042174 0.042039 0.041904 0.041769 0.041634 0.041498 0.041363 0.041228 0.041093 0.040958 0.040823 0.040688 0.040552 0.040417 0.040282 0.040147 0.040012 0.039876 0.039741 0.039606 0.039471 0.039336 0.039201 0.039065 0.038930 0.038795 0.038660 0.038525 0.038389 0.038379 0.038514 0.038649 0.038784 0.038919 0.039055 0.039190 0.039325 0.039460 0.039595 0.039731 0.039866 0.040001 0.040136 0.040271 0.040406 0.040542 0.040677 0.040812 0.040947 0.041082 0.041217 0.041353 0.041488 0.041623 0.041758 0.041893 0.042028 0.042163 0.042299 0.042434 0.038322 0.038458 0.038593 0.038728 0.038863 0.038998 0.039134 0.039269 0.039404 0.039539 0.039674 0.039809 0.039945 0.040080 0.040215 0.040350 

0.039473 0.039341 0.039209 0.039076 0.038944 0.038812 0.038680 0.038547 0.038415 0.038283 0.038151 0.038018 0.037886 0.037754 0.037622 0.037489 0.037434 0.037567 0.037699 0.037831 0.037963 0.038096 0.038228 0.038360 0.038492 0.038625 0.038757 0.038889 0.039021 0.039154 0.039286 0.039418 0.039551 0.039683 0.039815 0.039947 0.040080 0.040212 0.040344 0.040476 0.040609 0.040741 0.040873 0.041005 0.041138 0.041270 0.041402 0.041535 0.041435 0.041303 0.041171 0.041038 0.040906 0.040774 0.040641 0.040509 0.040377 0.040245 0.040112 0.039980 0.039848 0.039716 0.039583 0.039451 0.039319 0.039187 0.039054 0.038922 0.038790 0.038657 0.038525 0.038393 0.038261 0.038128 0.037996 0.037864 0.037732 0.037599 0.037467 0.037457 0.037589 0.037721 0.037853 0.037986 0.038118 0.038250 0.038382 0.038515 0.038647 0.038779 0.038911 0.039044 0.039176 0.039308 0.039441 0.039573 0.039705 0.039837 0.039970 0.040102 0.040234 0.040366 0.040499 0.040631 0.040763 0.040895 0.041028 0.041160 0.041292 0.041425 0.037402 0.037534 0.037666 0.037798 0.037931 0.038063 0.038195 0.038327 0.038460 0.038592 0.038724 0.038856 0.038989 0.039121 0.039253 0.039386 

0.038506 0.038376 0.038247 0.038118 0.037988 0.037859 0.037730 0.037600 0.037471 0.037342 0.037212 0.037083 0.036954 0.036824 0.036695 0.036566 0.036512 0.036641 0.036770 0.036900 0.037029 0.037158 0.037288 0.037417 0.037546 0.037676 0.037805 0.037934 0.038064 0.038193 0.038322 0.038452 0.038581 0.038711 0.038840 0.038969 0.039099 0.039228 0.039357 0.039487 0.039616 0.039745 0.039875 0.040004 0.040134 0.040263 0.040392 0.040522 0.040424 0.040295 0.040166 0.040036 0.039907 0.039777 0.039648 0.039519 0.039389 0.039260 0.039131 0.039001 0.038872 0.038743 0.038613 0.038484 0.038355 0.038225 0.038096 0.037966 0.037837 0.037708 0.037578 0.037449 0.037320 0.037190 0.037061 0.036932 0.036802 0.036673 0.036544 0.036534 0.036663 0.036792 0.036922 0.037051 0.037180 0.037309 0.037439 0.037568 0.037697 0.037827 0.037956 0.038086 0.038215 0.038344 0.038474 0.038603 0.038732 0.038862 0.038991 0.039120 0.039250 0.039379 0.039508 0.039638 0.039767 0.039897 0.040026 0.040155 0.040285 0.040414 0.036480 0.036609 0.036738 0.036868 0.036997 0.037126 0.037256 0.037385 0.037514 0.037644 0.037773 0.037902 0.038032 0.038161 0.038290 0.038420 

0.037538 0.037412 0.037285 0.037159 0.037032 0.036906 0.036780 0.036653 0.036527 0.036400 0.036274 0.036148 0.036021 0.035895 0.035769 0.035642 0.035590 0.035716 0.035842 0.035969 0.036095 0.036221 0.036348 0.036474 0.036601 0.036727 0.036853 0.036980 0.037106 0.037233 0.037359 0.037485 0.037612 0.037738 0.037865 0.037991 0.038118 0.038244 0.038371 0.038497 0.038623 0.038750 0.038876 0.039003 0.039129 0.039256 0.039382 0.039509 0.039414 0.039287 0.039161 0.039034 0.038908 0.038781 0.038655 0.038528 0.038402 0.038275 0.038149 0.038023 0.037896 0.037770 0.037643 0.037517 0.037390 0.037264 0.037138 0.037011 0.036885 0.036758 0.036632 0.036506 0.036379 0.036253 0.036126 0.036000 0.035874 0.035747 0.035621 0.035611 0.035737 0.035864 0.035990 0.036116 0.036243 0.036369 0.036495 0.036622 0.036748 0.036875 0.037001 0.037127 0.037254 0.037380 0.037507 0.037633 0.037760 0.037886 0.038012 0.038139 0.038265 0.038392 0.038518 0.038645 0.038771 0.038898 0.039024 0.039151 0.039277 0.039404 0.035558 0.035685 0.035811 0.035937 0.036064 0.036190 0.036316 0.036443 0.036569 0.036696 0.036822 0.036948 0.037075 0.037201 0.037328 0.037454 

0.036572 0.036448 0.036325 0.036201 0.036078 0.035954 0.035831 0.035708 0.035584 0.035461 0.035337 0.035214 0.035090 0.034967 0.034844 0.034720 0.034669 0.034792 0.034916 0.035039 0.035162 0.035286 0.035409 0.035533 0.035656 0.035780 0.035903 0.036027 0.036150 0.036273 0.036397 0.036520 0.036644 0.036767 0.036891 0.037014 0.037138 0.037262 0.037385 0.037509 0.037632 0.037756 0.037879 0.038003 0.038126 0.038250 0.038374 0.038497 0.038404 0.038281 0.038157 0.038033 0.037910 0.037786 0.037663 0.037539 0.037416 0.037292 0.037169 0.037045 0.036922 0.036798 0.036675 0.036551 0.036428 0.036304 0.036181 0.036057 0.035934 0.035810 0.035687 0.035563 0.035440 0.035316 0.035193 0.035070 0.034946 0.034823 0.034699 0.034690 0.034813 0.034936 0.035060 0.035183 0.035307 0.035430 0.035553 0.035677 0.035800 0.035924 0.036047 0.036171 0.036294 0.036418 0.036541 0.036665 0.036788 0.036912 0.037035 0.037159 0.037282 0.037406 0.037529 0.037653 0.037777 0.037900 0.038024 0.038147 0.038271 0.038394 0.034638 0.034762 0.034885 0.035008 0.035132 0.035255 0.035379 0.035502 0.035626 0.035749 0.035872 0.035996 0.036119 0.036243 0.036366 0.036490 

0.035608 0.035488 0.035367 0.035246 0.035126 0.035005 0.034885 0.034764 0.034644 0.034523 0.034403 0.034282 0.034162 0.034041 0.033921 0.033801 0.033750 0.033871 0.033991 0.034112 0.034232 0.034353 0.034473 0.034594 0.034714 0.034835 0.034955 0.035076 0.035196 0.035317 0.035437 0.035558 0.035679 0.035799 0.035920 0.036040 0.036161 0.036281 0.036402 0.036523 0.036643 0.036764 0.036885 0.037005 0.037126 0.037247 0.037367 0.037488 0.037397 0.037277 0.037156 0.037035 0.036915 0.036794 0.036673 0.036553 0.036432 0.036311 0.036191 0.036070 0.035950 0.035829 0.035708 0.035588 0.035467 0.035347 0.035226 0.035106 0.034985 0.034865 0.034744 0.034624 0.034503 0.034383 0.034262 0.034142 0.034021 0.033901 0.033780 0.033771 0.033891 0.034012 0.034132 0.034253 0.034373 0.034494 0.034614 0.034735 0.034855 0.034976 0.035096 0.035217 0.035337 0.035458 0.035578 0.035699 0.035819 0.035940 0.036061 0.036181 0.036302 0.036422 0.036543 0.036664 0.036784 0.036905 0.037026 0.037146 0.037267 0.037388 0.033721 0.033841 0.033962 0.034082 0.034202 0.034323 0.034443 0.034564 0.034684 0.034805 0.034925 0.035046 0.035166 0.035287 0.035408 0.035528 

0.034648 0.034530 0.034413 0.034295 0.034178 0.034060 0.033942 0.033825 0.033707 0.033590 0.033472 0.033355 0.033237 0.033120 0.033002 0.032885 0.032836 0.032953 0.033071 0.033188 0.033306 0.033423 0.033541 0.033658 0.033776 0.033894 0.034011 0.034129 0.034246 0.034364 0.034481 0.034599 0.034717 0.034834 0.034952 0.035070 0.035187 0.035305 0.035423 0.035540 0.035658 0.035776 0.035894 0.036011 0.036129 0.036247 0.036365 0.036483 0.036394 0.036276 0.036158 0.036041 0.035923 0.035805 0.035687 0.035570 0.035452 0.035334 0.035217 0.035099 0.034981 0.034864 0.034746 0.034628 0.034511 0.034393 0.034275 0.034158 0.034040 0.033923 0.033805 0.033688 0.033570 0.033452 0.033335 0.033217 0.033100 0.032982 0.032865 0.032856 0.032973 0.033091 0.033208 0.033326 0.033443 0.033561 0.033678 0.033796 0.033913 0.034031 0.034148 0.034266 0.034384 0.034501 0.034619 0.034737 0.034854 0.034972 0.035089 0.035207 0.035325 0.035443 0.035560 0.035678 0.035796 0.035913 0.036031 0.036149 0.036267 0.036385 0.032807 0.032924 0.033042 0.033159 0.033277 0.033394 0.033512 0.033629 0.033747 0.033864 0.033982 0.034100 0.034217 0.034335 0.034452 0.034570 

0.033693 0.033578 0.033463 0.033349 0.033234 0.033119 0.033005 0.032890 0.032775 0.032661 0.032546 0.032432 0.032317 0.032202 0.032088 0.031973 0.031926 0.032040 0.032155 0.032269 0.032384 0.032499 0.032613 0.032728 0.032842 0.032957 0.033072 0.033186 0.033301 0.033416 0.033530 0.033645 0.033760 0.033874 0.033989 0.034104 0.034219 0.034333 0.034448 0.034563 0.034678 0.034793 0.034907 0.035022 0.035137 0.035252 0.035367 0.035482 0.035395 0.035280 0.035166 0.035051 0.034936 0.034821 0.034706 0.034591 0.034477 0.034362 0.034247 0.034132 0.034018 0.033903 0.033788 0.033673 0.033559 0.033444 0.033329 0.033215 0.033100 0.032985 0.032871 0.032756 0.032642 0.032527 0.032412 0.032298 0.032183 0.032069 0.031954 0.031945 0.032060 0.032174 0.032289 0.032403 0.032518 0.032632 0.032747 0.032862 0.032976 0.033091 0.033206 0.033320 0.033435 0.033550 0.033664 0.033779 0.033894 0.034008 0.034123 0.034238 0.034353 0.034467 0.034582 0.034697 0.034812 0.034927 0.035042 0.035156 0.035271 0.035386 0.031897 0.032012 0.032126 0.032241 0.032356 0.032470 0.032585 0.032699 0.032814 0.032929 0.033043 0.033158 0.033272 0.033387 0.033502 0.033617 

0.032743 0.032631 0.032520 0.032408 0.032296 0.032184 0.032073 0.031961 0.031849 0.031738 0.031626 0.031514 0.031403 0.031291 0.031179 0.031068 0.031021 0.031133 0.031245 0.031356 0.031468 0.031579 0.031691 0.031803 0.031914 0.032026 0.032138 0.032250 0.032361 0.032473 0.032585 0.032697 0.032808 0.032920 0.033032 0.033144 0.033256 0.033368 0.033479 0.033591 0.033703 0.033815 0.033927 0.034039 0.034151 0.034263 0.034375 0.034487 0.034403 0.034291 0.034179 0.034067 0.033955 0.033843 0.033731 0.033619 0.033507 0.033395 0.033283 0.033172 0.033060 0.032948 0.032836 0.032724 0.032613 0.032501 0.032389 0.032277 0.032166 0.032054 0.031942 0.031830 0.031719 0.031607 0.031495 0.031384 0.031272 0.031161 0.031049 0.031040 0.031152 0.031263 0.031375 0.031487 0.031598 0.031710 0.031822 0.031933 0.032045 0.032157 0.032268 0.032380 0.032492 0.032604 0.032715 0.032827 0.032939 0.033051 0.033163 0.033275 0.033386 0.033498 0.033610 0.033722 0.033834 0.033946 0.034058 0.034170 0.034282 0.034394 0.030994 0.031105 0.031217 0.031329 0.031440 0.031552 0.031663 0.031775 0.031887 0.031998 0.032110 0.032222 0.032334 0.032445 0.032557 0.032669 

0.031800 0.031691 0.031583 0.031474 0.031365 0.031256 0.031147 0.031039 0.030930 0.030821 0.030712 0.030604 0.030495 0.030386 0.030277 0.030169 0.030124 0.030232 0.030341 0.030450 0.030558 0.030667 0.030776 0.030885 0.030993 0.031102 0.031211 0.031320 0.031428 0.031537 0.031646 0.031755 0.031864 0.031973 0.032082 0.032191 0.032300 0.032409 0.032518 0.032627 0.032736 0.032845 0.032954 0.033063 0.033172 0.033281 0.033390 0.033499 0.033417 0.033308 0.033199 0.033090 0.032981 0.032872 0.032763 0.032654 0.032545 0.032436 0.032327 0.032218 0.032109 0.032000 0.031891 0.031782 0.031673 0.031564 0.031455 0.031347 0.031238 0.031129 0.031020 0.030911 0.030803 0.030694 0.030585 0.030477 0.030368 0.030259 0.030151 0.030142 0.030251 0.030359 0.030468 0.030577 0.030685 0.030794 0.030903 0.031012 0.031120 0.031229 0.031338 0.031447 0.031556 0.031664 0.031773 0.031882 0.031991 0.032100 0.032209 0.032318 0.032427 0.032536 0.032645 0.032754 0.032863 0.032972 0.033081 0.033190 0.033299 0.033408 0.030097 0.030205 0.030314 0.030423 0.030531 0.030640 0.030749 0.030858 0.030966 0.031075 0.031184 0.031293 0.031401 0.031510 0.031619 0.031728 

0.030865 0.030759 0.030653 0.030547 0.030441 0.030336 0.030230 0.030124 0.030018 0.029912 0.029806 0.029700 0.029595 0.029489 0.029383 0.029277 0.029233 0.029339 0.029445 0.029551 0.029656 0.029762 0.029868 0.029974 0.030080 0.030186 0.030291 0.030397 0.030503 0.030609 0.030715 0.030821 0.030927 0.031033 0.031139 0.031245 0.031351 0.031457 0.031563 0.031670 0.031776 0.031882 0.031988 0.032094 0.032200 0.032307 0.032413 0.032519 0.032439 0.032333 0.032227 0.032121 0.032014 0.031908 0.031802 0.031696 0.031590 0.031484 0.031378 0.031272 0.031165 0.031059 0.030953 0.030847 0.030741 0.030636 0.030530 0.030424 0.030318 0.030212 0.030106 0.030000 0.029894 0.029788 0.029683 0.029577 0.029471 0.029365 0.029260 0.029251 0.029357 0.029463 0.029568 0.029674 0.029780 0.029886 0.029992 0.030098 0.030203 0.030309 0.030415 0.030521 0.030627 0.030733 0.030839 0.030945 0.031051 0.031157 0.031263 0.031369 0.031475 0.031581 0.031687 0.031794 0.031900 0.032006 0.032112 0.032218 0.032324 0.032431 0.029207 0.029313 0.029419 0.029524 0.029630 0.029736 0.029842 0.029948 0.030054 0.030159 0.030265 0.030371 0.030477 0.030583 0.030689 0.030795 

0.029939 0.029836 0.029733 0.029630 0.029527 0.029424 0.029321 0.029218 0.029115 0.029012 0.028909 0.028806 0.028703 0.028600 0.028497 0.028394 0.028352 0.028454 0.028557 0.028660 0.028763 0.028866 0.028969 0.029072 0.029175 0.029278 0.029381 0.029484 0.029587 0.029690 0.029793 0.029896 0.029999 0.030102 0.030205 0.030309 0.030412 0.030515 0.030618 0.030721 0.030825 0.030928 0.031031 0.031135 0.031238 0.031341 0.031445 0.031548 0.031470 0.031367 0.031264 0.031160 0.031057 0.030954 0.030850 0.030747 0.030644 0.030541 0.030437 0.030334 0.030231 0.030128 0.030025 0.029922 0.029818 0.029715 0.029612 0.029509 0.029406 0.029303 0.029200 0.029097 0.028994 0.028891 0.028789 0.028686 0.028583 0.028480 0.028377 0.028369 0.028472 0.028575 0.028677 0.028780 0.028883 0.028986 0.029089 0.029192 0.029295 0.029398 0.029501 0.029604 0.029707 0.029810 0.029913 0.030017 0.030120 0.030223 0.030326 0.030429 0.030532 0.030636 0.030739 0.030842 0.030945 0.031049 0.031152 0.031255 0.031359 0.031462 0.028326 0.028429 0.028532 0.028635 0.028738 0.028840 0.028943 0.029046 0.029149 0.029252 0.029355 0.029458 0.029561 0.029664 0.029767 0.029871 

0.029022 0.028922 0.028822 0.028721 0.028621 0.028521 0.028421 0.028321 0.028221 0.028121 0.028021 0.027921 0.027821 0.027721 0.027621 0.027521 0.027479 0.027579 0.027679 0.027779 0.027879 0.027979 0.028079 0.028179 0.028279 0.028379 0.028479 0.028580 0.028680 0.028780 0.028880 0.028980 0.029081 0.029181 0.029281 0.029382 0.029482 0.029582 0.029683 0.029783 0.029884 0.029984 0.030084 0.030185 0.030285 0.030386 0.030486 0.030587 0.030511 0.030411 0.030310 0.030210 0.030109 0.030009 0.029908 0.029808 0.029708 0.029607 0.029507 0.029406 0.029306 0.029206 0.029106 0.029005 0.028905 0.028805 0.028705 0.028604 0.028504 0.028404 0.028304 0.028204 0.028104 0.028004 0.027904 0.027804 0.027704 0.027604 0.027504 0.027496 0.027596 0.027696 0.027796 0.027896 0.027996 0.028096 0.028196 0.028296 0.028396 0.028496 0.028596 0.028697 0.028797 0.028897 0.028997 0.029098 0.029198 0.029298 0.029398 0.029499 0.029599 0.029700 0.029800 0.029900 0.030001 0.030101 0.030202 0.030302 0.030403 0.030503 0.027454 0.027554 0.027654 0.027754 0.027854 0.027954 0.028054 0.028154 0.028254 0.028355 0.028455 0.028555 0.028655 0.028755 0.028855 0.028956 

0.028116 0.028018 0.027921 0.027824 0.027726 0.027629 0.027532 0.027434 0.027337 0.027240 0.027143 0.027046 0.026948 0.026851 0.026754 0.026657 0.026617 0.026714 0.026811 0.026908 0.027005 0.027102 0.027199 0.027297 0.027394 0.027491 0.027589 0.027686 0.027783 0.027881 0.027978 0.028075 0.028173 0.028270 0.028368 0.028465 0.028563 0.028660 0.028758 0.028855 0.028953 0.029051 0.029148 0.029246 0.029343 0.029441 0.029539 0.029637 0.029563 0.029465 0.029368 0.029270 0.029172 0.029075 0.028977 0.028879 0.028782 0.028684 0.028587 0.028489 0.028392 0.028294 0.028197 0.028099 0.028002 0.027905 0.027807 0.027710 0.027613 0.027515 0.027418 0.027321 0.027224 0.027126 0.027029 0.026932 0.026835 0.026738 0.026641 0.026633 0.026730 0.026827 0.026924 0.027021 0.027119 0.027216 0.027313 0.027410 0.027508 0.027605 0.027702 0.027800 0.027897 0.027994 0.028092 0.028189 0.028287 0.028384 0.028482 0.028579 0.028677 0.028774 0.028872 0.028969 0.029067 0.029165 0.029262 0.029360 0.029458 0.029555 0.026593 0.026690 0.026787 0.026884 0.026981 0.027078 0.027175 0.027273 0.027370 0.027467 0.027564 0.027662 0.027759 0.027856 0.027954 0.028051 

0.027221 0.027126 0.027032 0.026937 0.026842 0.026748 0.026653 0.026559 0.026465 0.026370 0.026276 0.026181 0.026087 0.025993 0.025898 0.025804 0.025765 0.025859 0.025953 0.026048 0.026142 0.026236 0.026331 0.026425 0.026520 0.026614 0.026709 0.026803 0.026898 0.026992 0.027087 0.027181 0.027276 0.027371 0.027465 0.027560 0.027655 0.027749 0.027844 0.027939 0.028034 0.028128 0.028223 0.028318 0.028413 0.028508 0.028603 0.028698 0.028626 0.028532 0.028437 0.028342 0.028247 0.028152 0.028057 0.027962 0.027868 0.027773 0.027678 0.027583 0.027489 0.027394 0.027299 0.027205 0.027110 0.027016 0.026921 0.026827 0.026732 0.026638 0.026543 0.026449 0.026354 0.026260 0.026165 0.026071 0.025977 0.025883 0.025788 0.025781 0.025875 0.025969 0.026064 0.026158 0.026252 0.026347 0.026441 0.026536 0.026630 0.026725 0.026819 0.026914 0.027008 0.027103 0.027197 0.027292 0.027387 0.027481 0.027576 0.027671 0.027765 0.027860 0.027955 0.028050 0.028144 0.028239 0.028334 0.028429 0.028524 0.028619 0.025742 0.025836 0.025930 0.026024 0.026119 0.026213 0.026307 0.026402 0.026496 0.026591 0.026685 0.026780 0.026874 0.026969 0.027063 0.027158 

0.026338 0.026246 0.026154 0.026062 0.025970 0.025879 0.025787 0.025695 0.025604 0.025512 0.025420 0.025329 0.025237 0.025146 0.025054 0.024963 0.024925 0.025016 0.025108 0.025199 0.025291 0.025382 0.025474 0.025566 0.025657 0.025749 0.025841 0.025932 0.026024 0.026116 0.026208 0.026299 0.026391 0.026483 0.026575 0.026667 0.026759 0.026851 0.026943 0.027035 0.027127 0.027219 0.027311 0.027403 0.027495 0.027587 0.027679 0.027771 0.027702 0.027610 0.027518 0.027426 0.027334 0.027242 0.027149 0.027057 0.026965 0.026873 0.026781 0.026690 0.026598 0.026506 0.026414 0.026322 0.026230 0.026138 0.026047 0.025955 0.025863 0.025772 0.025680 0.025588 0.025497 0.025405 0.025313 0.025222 0.025130 0.025039 0.024947 0.024940 0.025032 0.025123 0.025215 0.025306 0.025398 0.025489 0.025581 0.025673 0.025764 0.025856 0.025948 0.026039 0.026131 0.026223 0.026315 0.026407 0.026498 0.026590 0.026682 0.026774 0.026866 0.026958 0.027050 0.027142 0.027234 0.027326 0.027418 0.027510 0.027603 0.027695 0.024902 0.024994 0.025085 0.025177 0.025268 0.025360 0.025451 0.025543 0.025634 0.025726 0.025818 0.025910 0.026001 0.026093 0.026185 0.026277 

0.025467 0.025378 0.025289 0.025200 0.025111 0.025022 0.024933 0.024844 0.024755 0.024666 0.024578 0.024489 0.024400 0.024311 0.024222 0.024134 0.024097 0.024186 0.024274 0.024363 0.024452 0.024541 0.024629 0.024718 0.024807 0.024896 0.024985 0.025074 0.025163 0.025252 0.025341 0.025430 0.025519 0.025608 0.025697 0.025786 0.025876 0.025965 0.026054 0.026143 0.026233 0.026322 0.026411 0.026501 0.026590 0.026679 0.026769 0.026858 0.026791 0.026701 0.026612 0.026523 0.026433 0.026344 0.026255 0.026165 0.026076 0.025987 0.025898 0.025809 0.025719 0.025630 0.025541 0.025452 0.025363 0.025274 0.025185 0.025096 0.025007 0.024918 0.024829 0.024740 0.024651 0.024563 0.024474 0.024385 0.024296 0.024208 0.024119 0.024112 0.024200 0.024289 0.024378 0.024467 0.024556 0.024644 0.024733 0.024822 0.024911 0.025000 0.025089 0.025178 0.025267 0.025356 0.025445 0.025534 0.025623 0.025712 0.025801 0.025891 0.025980 0.026069 0.026158 0.026248 0.026337 0.026426 0.026516 0.026605 0.026694 0.026784 0.024075 0.024164 0.024252 0.024341 0.024430 0.024519 0.024607 0.024696 0.024785 0.024874 0.024963 0.025052 0.025141 0.025230 0.025319 0.025408 

0.024610 0.024523 0.024437 0.024351 0.024265 0.024178 0.024092 0.024006 0.023920 0.023834 0.023748 0.023662 0.023576 0.023489 0.023403 0.023318 0.023282 0.023368 0.023454 0.023540 0.023626 0.023712 0.023798 0.023884 0.023970 0.024056 0.024143 0.024229 0.024315 0.024401 0.024488 0.024574 0.024660 0.024747 0.024833 0.024919 0.025006 0.025092 0.025179 0.025265 0.025352 0.025439 0.025525 0.025612 0.025699 0.025785 0.025872 0.025959 0.025893 0.025807 0.025720 0.025633 0.025547 0.025460 0.025373 0.025287 0.025200 0.025114 0.025027 0.024941 0.024854 0.024768 0.024682 0.024595 0.024509 0.024423 0.024336 0.024250 0.024164 0.024078 0.023992 0.023905 0.023819 0.023733 0.023647 0.023561 0.023475 0.023389 0.023303 0.023296 0.023382 0.023468 0.023554 0.023640 0.023726 0.023812 0.023899 0.023985 0.024071 0.024157 0.024243 0.024330 0.024416 0.024502 0.024588 0.024675 0.024761 0.024848 0.024934 0.025020 0.025107 0.025193 0.025280 0.025367 0.025453 0.025540 0.025626 0.025713 0.025800 0.025887 0.023260 0.023346 0.023432 0.023518 0.023604 0.023690 0.023777 0.023863 0.023949 0.024035 0.024121 0.024207 0.024294 0.024380 0.024466 0.024553 

0.023767 0.023683 0.023599 0.023516 0.023432 0.023349 0.023265 0.023182 0.023098 0.023015 0.022931 0.022848 0.022765 0.022681 0.022598 0.022515 0.022480 0.022563 0.022647 0.022730 0.022813 0.022897 0.022980 0.023063 0.023147 0.023230 0.023314 0.023397 0.023481 0.023565 0.023648 0.023732 0.023815 0.023899 0.023983 0.024067 0.024150 0.024234 0.024318 0.024402 0.024486 0.024570 0.024654 0.024738 0.024822 0.024906 0.024990 0.025074 0.025010 0.024926 0.024842 0.024758 0.024674 0.024590 0.024507 0.024423 0.024339 0.024255 0.024171 0.024087 0.024004 0.023920 0.023836 0.023753 0.023669 0.023585 0.023502 0.023418 0.023335 0.023251 0.023168 0.023084 0.023001 0.022917 0.022834 0.022751 0.022667 0.022584 0.022501 0.022494 0.022577 0.022661 0.022744 0.022827 0.022911 0.022994 0.023077 0.023161 0.023244 0.023328 0.023411 0.023495 0.023579 0.023662 0.023746 0.023830 0.023913 0.023997 0.024081 0.024164 0.024248 0.024332 0.024416 0.024500 0.024584 0.024668 0.024752 0.024836 0.024920 0.025004 0.022459 0.022543 0.022626 0.022709 0.022793 0.022876 0.022959 0.023043 0.023126 0.023210 0.023293 0.023377 0.023460 0.023544 0.023627 0.023711 

0.022938 0.022857 0.022776 0.022695 0.022614 0.022533 0.022452 0.022371 0.022291 0.022210 0.022129 0.022048 0.021968 0.021887 0.021806 0.021726 0.021692 0.021773 0.021854 0.021934 0.022015 0.022096 0.022176 0.022257 0.022338 0.022419 0.022499 0.022580 0.022661 0.022742 0.022823 0.022904 0.022985 0.023066 0.023147 0.023228 0.023309 0.023391 0.023472 0.023553 0.023634 0.023715 0.023797 0.023878 0.023959 0.024041 0.024122 0.024204 0.024142 0.024061 0.023980 0.023898 0.023817 0.023736 0.023654 0.023573 0.023492 0.023411 0.023330 0.023248 0.023167 0.023086 0.023005 0.022924 0.022843 0.022762 0.022681 0.022600 0.022520 0.022439 0.022358 0.022277 0.022196 0.022116 0.022035 0.021954 0.021873 0.021793 0.021712 0.021706 0.021786 0.021867 0.021948 0.022028 0.022109 0.022190 0.022271 0.022351 0.022432 0.022513 0.022594 0.022675 0.022756 0.022837 0.022918 0.022999 0.023080 0.023161 0.023242 0.023323 0.023404 0.023485 0.023567 0.023648 0.023729 0.023810 0.023892 0.023973 0.024055 0.024136 0.021672 0.021753 0.021834 0.021914 0.021995 0.022076 0.022156 0.022237 0.022318 0.022399 0.022479 0.022560 0.022641 0.022722 0.022803 0.022884 

0.022124 0.022046 0.021967 0.021889 0.021811 0.021732 0.021654 0.021576 0.021498 0.021420 0.021342 0.021263 0.021185 0.021107 0.021029 0.020951 0.020919 0.020997 0.021075 0.021153 0.021231 0.021309 0.021387 0.021465 0.021543 0.021622 0.021700 0.021778 0.021856 0.021935 0.022013 0.022091 0.022170 0.022248 0.022327 0.022405 0.022484 0.022562 0.022641 0.022719 0.022798 0.022877 0.022955 0.023034 0.023113 0.023192 0.023270 0.023349 0.023290 0.023211 0.023132 0.023054 0.022975 0.022896 0.022818 0.022739 0.022660 0.022582 0.022503 0.022425 0.022346 0.022268 0.022189 0.022111 0.022033 0.021954 0.021876 0.021798 0.021719 0.021641 0.021563 0.021485 0.021407 0.021328 0.021250 0.021172 0.021094 0.021016 0.020938 0.020932 0.021010 0.021088 0.021166 0.021244 0.021322 0.021400 0.021478 0.021557 0.021635 0.021713 0.021791 0.021870 0.021948 0.022026 0.022105 0.022183 0.022261 0.022340 0.022418 0.022497 0.022575 0.022654 0.022733 0.022811 0.022890 0.022969 0.023047 0.023126 0.023205 0.023284 0.020900 0.020978 0.021056 0.021134 0.021212 0.021290 0.021368 0.021446 0.021524 0.021602 0.021681 0.021759 0.021837 0.021915 0.021994 0.022072 

0.021326 0.021250 0.021174 0.021098 0.021023 0.020947 0.020871 0.020796 0.020720 0.020645 0.020569 0.020494 0.020418 0.020343 0.020267 0.020192 0.020160 0.020236 0.020311 0.020387 0.020462 0.020538 0.020613 0.020689 0.020764 0.020840 0.020916 0.020991 0.021067 0.021143 0.021218 0.021294 0.021370 0.021446 0.021522 0.021598 0.021674 0.021750 0.021826 0.021902 0.021978 0.022054 0.022130 0.022206 0.022282 0.022358 0.022435 0.022511 0.022454 0.022377 0.022301 0.022225 0.022149 0.022073 0.021997 0.021921 0.021844 0.021768 0.021692 0.021617 0.021541 0.021465 0.021389 0.021313 0.021237 0.021161 0.021086 0.021010 0.020934 0.020859 0.020783 0.020707 0.020632 0.020556 0.020481 0.020405 0.020330 0.020255 0.020179 0.020173 0.020249 0.020324 0.020399 0.020475 0.020550 0.020626 0.020701 0.020777 0.020853 0.020928 0.021004 0.021080 0.021155 0.021231 0.021307 0.021383 0.021459 0.021535 0.021611 0.021686 0.021762 0.021838 0.021914 0.021991 0.022067 0.022143 0.022219 0.022295 0.022371 0.022447 0.020142 0.020217 0.020293 0.020368 0.020443 0.020519 0.020594 0.020670 0.020746 0.020821 0.020897 0.020973 0.021048 0.021124 0.021200 0.021275 

0.020543 0.020470 0.020397 0.020324 0.020251 0.020177 0.020104 0.020031 0.019958 0.019885 0.019812 0.019739 0.019666 0.019593 0.019520 0.019448 0.019417 0.019490 0.019563 0.019636 0.019709 0.019782 0.019855 0.019928 0.020001 0.020074 0.020147 0.020220 0.020293 0.020366 0.020440 0.020513 0.020586 0.020660 0.020733 0.020806 0.020880 0.020953 0.021027 0.021100 0.021174 0.021247 0.021321 0.021394 0.021468 0.021542 0.021615 0.021689 0.021634 0.021560 0.021486 0.021413 0.021339 0.021265 0.021192 0.021118 0.021045 0.020971 0.020898 0.020824 0.020751 0.020678 0.020604 0.020531 0.020458 0.020385 0.020311 0.020238 0.020165 0.020092 0.020019 0.019946 0.019873 0.019800 0.019727 0.019654 0.019581 0.019508 0.019435 0.019429 0.019502 0.019575 0.019648 0.019721 0.019794 0.019867 0.019940 0.020013 0.020086 0.020159 0.020232 0.020306 0.020379 0.020452 0.020525 0.020599 0.020672 0.020745 0.020819 0.020892 0.020965 0.021039 0.021112 0.021186 0.021260 0.021333 0.021407 0.021480 0.021554 0.021628 0.019399 0.019472 0.019545 0.019618 0.019691 0.019764 0.019837 0.019910 0.019983 0.020056 0.020129 0.020202 0.020275 0.020348 0.020422 0.020495 

